302547402
217322086
321507677
324403121
133380973
73718002
159428302
258707123
224710884
306190451
249464278
320833360
55570819
79260665
222880370
266747076
196989742
274368750
171105682
143902913
321357057
321805499
314300345
256909117
202346985
316493008
55384384
190583471
99934680
225687457
24171524
168271237
203823269
120766212
230371779
156952049
117544762
122043268
223563459
324438807
21847605
57141776
277221179
226228929
240992391
143032140
319931591
129739
194214840
71123807
218100217
290380679
10006929
98868788
100140274
247270282
214888064
216535034
65501101
154934254
152771639
10297524
263137941
167807422
49522702
204611529
27201322
71549389
169350557
313429124
3258433
67474671
12512306
264483413
55485600
287437165
174879809
98530463
164026790
22163398
316652031
37106184
52247664
267011337
121170646
263751996
166291653
82983532
294552276
90740970
73499436
207555192
1752908
115681237
179099360
153022746
242117699
159732469
206656195
260820115
56515284
195390244
13679736
192452697
312533005
4743041
119950679
82673525
321214944
189512480
311322957
95479283
65694275
272742968
250178874
20766357
176790560
118250755
126884721
222869504
311370294
80541154
41617947
8619933
192828550
212271943
82440964
296038329
37347718
168552616
116650973
98241126
38236721
134602147
278500264
257187255
218531333
156583652
187040399
9409848
324806052
168372497
171156238
146411172
89676452
59345935
241671076
317649757
190358176
111001546
87487798
306637992
299307476
163552305
95888812
37498510
124959476
134326599
119698786
277478908
165440294
249580867
251868312
104061859
209836259
6302273
2252066
310890793
174025307
124192927
137143433
301231590
322007774
278877361
299640856
265260296
217724291
152744941
275632352
121550240
11387541
199104464
317568356
137825171
128460032
153514759
198606126
282001801
16461289
207573015
273653544
269541137
209772115
257603573
287814484
307161980
175207211
177198910
191628037
239067677
130996557
130916625
14383763
44837823
285232829
273431376
106070187
50670431
115109903
161941763
109575469
198547358
308740159
175845989
267347484
11448065
160332250
28035237
148112065
238469840
249374898
266245381
35471272
280519754
245200718
211142399
63864914
244740927
29658200
194826731
51071921
90920357
205358637
236289658
26744527
129216772
23211393
68101391
146611224
248322810
266331784
187330720
320065739
167801512
276612846
326061753
206269885
58710082
265128640
256256841
234390725
222436275
58923137
308479812
43184385
154888646
182760022
292585391
238591408
273348366
32422538
98204023
259704919
79655968
21337642
8290554
218425244
296437508
163693418
70628940
158227341
129203976
8969279
165649124
9223162
140077788
256167107
115282701
239936647
246971015
148970724
160370757
255794283
57868368
154859685
168434961
115779988
228665318
97350331
192852519
323643856
257939273
278818849
90248226
21928005
254529726
22517125
161834226
142069051
124725487
187663545
197166409
41682764
111239625
155190882
197301295
81368587
62226588
96969757
156034463
310105242
52097039
9723013
209575624
174584066
60309769
100011838
171946942
235874959
18620889
227675565
94309062
322234066
227262238
45050445
209964861
16819613
173237696
160878716
264909201
169482698
11532550
67652796
200022566
189310869
120851837
42565939
218969010
293939245
44967463
140169532
241570754
194683991
96752410
208919795
53699859
116847786
53747741
276561580
153187177
222413636
188498399
320946029
15542220
73734692
46327775
81851487
4901366
104216254
212823397
224590433
49337623
180976555
190496919
267610277
323049793
174261414
248253541
155625714
3432124
240535984
35209118
235326016
1399971
163120364
184526072
288990047
161929333
44791236
26038700
247313440
110289013
58101202
255056200
288195642
138910042
236707544
71554475
320709750
169413263
307823593
258672893
165656676
66168020
220752909
75944900
104664244
318534092
61165009
92164048
159652317
142689645
6266036
143658336
68247946
211740291
321058220
282702282
283810824
184170766
84544895
128837143
66693865
205146639
217153690
226601796
204291940
155339726
322802509
167995619
201616626
251057991
159725373
32426936
99882691
47212537
169102128
229237484
42849335
102670614
78455877
70531822
211375942
81884198
167780250
317168285
143864905
174430115
282509492
194879983
63501102
261841726
198294555
22329485
280602919
108170633
26959050
275309076
308004379
247199323
7561395
36687029
311462660
288841071
11360025
74821590
306972880
215895237
70170965
64710976
54601040
83160895
290820162
109746175
303847004
85312021
154868625
11131285
147965629
10403154
153095269
216043431
317373473
44858933
184510696
185872990
288084282
308967953
289403316
81815543
18797728
105396030
113399627
197999219
90262011
158012710
50214064
107540376
247418025
304005496
132038091
143650830
276251230
176111784
271384857
300062804
266105695
253465740
216416473
155460504
257786934
4462273
202295792
149718802
260078609
2375492
5336342
279611306
307400787
150226410
4217207
145985085
230778674
239987896
315803476
25343548
124872455
225268427
299960383
15969357
200866993
207231842
71094722
208161656
24928161
133842047
84750568
240138251
91156895
195304362
109913794
205495495
159107557
277531182
207966612
290975889
253239103
111988122
114624742
127551698
65298881
121595729
300976756
148412439
35807521
14179354
126511134
39034993
183000920
38132897
292768264
177076517
283190565
312801956
95376762
164178910
92283706
200249606
287127057
20270982
263489101
11297744
84324205
108152193
29219849
131415515
111927970
115638099
166941162
187404391
146881687
45207812
107613092
221090952
179324377
261304259
235421
265731219
204006105
267920448
196152414
290974405
52320602
148623457
118703143
188668829
249040964
81408894
123178888
127607693
287742164
222243077
120671656
293454892
224762169
301797382
209239778
14761751
19738184
246402456
35137378
206293788
228192121
184246914
161132637
283011805
113564408
165265283
198952679
30190691
59983813
249232123
259661098
203690393
93849445
307598160
150909974
222080141
84710463
193492602
253850043
159771458
315118415
280854694
147170288
159228432
124818534
77979767
221076928
212339986
200821960
159145136
55541192
310056647
320797373
204875420
116374810
305428867
86402032
32479398
215345981
145273051
25388835
11774145
305087515
142946380
113282153
211709458
4135458
308694420
301944779
242509105
129170963
49036903
106183652
122580683
8332646
200584603
197280533
202766131
78180036
189779469
105485921
148873164
262092427
148639690
223125153
258750592
27766061
122533559
244340514
198901341
124282866
301875498
267188290
75894259
100105825
311627038
298190775
237922567
121897611
180321043
125674280
134363859
213143521
39269179
217117634
165271203
188568921
190346030
35791780
295329642
285475916
231827527
3132003
19132715
197167291
191110485
225074023
6036080
113526454
60161995
242480572
181410535
164500019
27048848
133243987
142693823
231551037
93476191
16868206
271734623
128530834
60374072
255451255
266475936
150490436
210487054
57180969
7701103
25536760
65161719
53116741
138742620
201106075
131803408
327021295
64940813
222365608
87461286
125048927
253726379
100412435
280132829
227381008
315938947
83142209
322387533
118291348
77150583
139492846
18972976
112223726
34708075
139883142
8355653
243840535
217146329
77609116
151120145
182573418
67763309
3679126
253171528
170526263
7591001
2310094
174542744
35911268
89843634
207816355
306736895
212938423
6700673
206621302
125284944
181714237
119310468
118988893
59549602
225529415
235715898
83096260
127198448
280240232
67624522
107926167
247601546
135109944
56091341
294635049
268922754
2502819
271889903
115938128
35687233
145510347
12541570
30223943
153223712
218410242
61220971
187419354
171226799
287202993
71933459
158932270
85126993
252081828
255225367
19227606
240172253
294310843
155697513
157715439
293357279
53064234
92121949
148497925
182309429
137164314
16896428
282500107
152268963
73211703
54923812
191472264
168505920
226977071
100477494
134449972
25077478
160915689
110190695
31238047
150064102
310028428
109618384
175499867
157782322
93518963
240431998
22562269
63583536
144672
193524018
294890927
228777758
109741398
321279186
213622817
35805064
294183166
169366198
13712547
208923076
131640675
326327116
223233645
260596599
172373669
54471093
711384
238652221
296761466
204198134
100875026
220789988
79852440
271425480
310793309
177497889
180264444
83280632
203850416
203730651
165446327
214238695
262241349
136397323
310141004
149076987
91438858
195303362
158852403
91713340
279967008
27347475
78533960
193315512
40327999
84771893
230683757
149078304
133990528
95776338
239969508
146703928
266403729
197220330
214233590
217495627
127682661
142321505
167310686
283635157
146521505
187641644
138054847
246580135
319062784
55201496
22575946
116231415
61660448
228812852
102988777
181369693
70646211
15230930
306244935
237595543
291120207
233030810
159331797
167293141
220098910
45053542
96140903
232777870
234076750
56939079
183939588
99538858
8198834
214157359
201292026
194433077
253060303
33860949
85002888
155503315
232963856
188074948
89915506
272093222
240092835
195858444
6915424
16590713
177487562
88660288
60233359
221765673
149270459
150515974
207281407
56067078
108550576
43626698
134775891
265956135
201660296
269046571
278868996
233068819
170624660
63471565
264890879
315492745
106873499
252512149
9512258
297535129
263197878
246408736
208139811
174391241
251050420
319765900
242436329
322498241
245276551
72621
60512608
72215214
263219173
101490858
131999818
253734131
140494265
212432285
133720025
213542979
203074191
155789527
297396757
114402777
14006587
179825545
177018812
327487200
110521395
206724140
78572845
209907787
177393473
105364763
237120909
200116222