210423986
153095269
98241126
74821590
201632197
253726379
21337642
168505920
320894778
294635049
9409848
39269179
198643432
65298881
308694420
159771458
182405110
198606126
321507677
92283706
250958091
159652317
289403316
148412439
206807346
228777758
305087515
212339986
310520180
251050420
228812852
59345935
84264680
212823397
78533960
19227606
282447488
84324205
202295792
233030810
78973275
121595729
70170965
291120207
181863474
153514759
174025307
121170646
200498928
303847004
90920357
266747076
23982941
167780250
115282701
306244935
167831025
34708075
316652031
137164314
155273913
153022746
22329485
155503315
83280209
280602919
174391241
293454892
272851650
308967953
150490436
253465740
70040289
41617947
290975889
111239625
134957918
194214840
227262238
54923812
90381871
129170963
53064234
172373669
59081521
237922567
245276551
257187255
313364758
123178888
247199323
322007774
285228015
22517125
142069051
60233359
200571374
290974405
45053542
58923137
273819205
293357279
137825171
18972976
117061056
90248226
151120145
16819613
200165529
147965629
225268427
250178874
266820371
320946029
214888064
119698786
144183919
143650830
120671656
290820162
248192945
195858444
196152414
190496919
257898133
77609116
179825545
136397323
298275353
197999219
35209118
191110485
309691052
198952679
134775891
215345981
294623340
18620889
206269885
109741398
253040410
224590433
3679126
293939245
276878909
324403121
249040964
242509105
117980507
318534092
70646211
300062804
120747537
19132715
52097039
310056647
142514860
165446327
39034993
201106075
22604674
117544762
49337623
311627038
165168601
209239778
206724140
222413636
257914930
9223162
184246914
268922754
222127843
319765900
25536760
194826731
327178743
15969357
55201496
314300345
291356425
189779469
288084282
115109903
270289980
287202993
320065739
326327116
20986242
205358637
138054847
138742620
89667776
169350557
271889903
26744527
64949878
315118415
296761466
244340514
72887572
171156238
174261414
100477494
256405349
247313440
203074191
71123807
313283226
140077788
131640675
107926167
52753046
167995619
252512149
11387541
223550705
316493008
98868788
248322810
147235217
280854694
169102128
189512480
203815278
239969508
236707544
95376762
281204223
194433077
90740970
60161995
25539012
2252066
108170633
35137378
158234705
116847786
15230930
200249606
233825845
45207812
77150583
105364763
243001053
159725373
54471093
99538858
49052022
148639690
75894259
297396757
217073405
246402456
124818534
170624660
241622490
73718002
203823269
249464278
125973728
61660448
200821960
115638099
105340816
81368587
232963856
100105825
191699985
159732469
267188290
154868625
282020657
16590713
252081828
317568356
152360807
240172253
78572845
209575624
214726295
321805499
262092427
66168020
290697909
171105682
182760022
154888646
208016187
29219849
304005496
134602147
126745595
184526072
60512608
240992391
200260363
191472264
29658200
166291653
67116320
200116222
259704919
197167291
46675470
109618384
176790560
299960383
203982210
37498510
185872990
27048848
156546790
7561395
130916625
187330720
48120471
201616626
114624742
73211703
121119419
322387533
35471272
276612846
135190354
209836259
301875498
53699859
154117864
193315512
244740927
164500019
257474839
131999818
96140903
321058220
10977952
311370294
256167107
80541154
11279386
53116741
175499867
287437165
323140327
4217207
138910042
70531822
222046384
213622817
226977071
191628037
252257019
271425480
249580867
149270459
164564988
99882691
159228432
164178910
121822888
307400787
71933459
131415515
138349496
4135458
313429124
115681237
52858611
253850043
148623457
79852440
108330389
192828550
210487054
169366198
276062049
287127057
197301295
43626698
214401353
179324377
156583652
26038700
19457020
287814484
253060303
140169532
164835202
55570819
240431998
28035237
291662363
67624522
283635157
57868368
144058940
88660288
145273051
16461289
299669209
116231415
201660296
71554475
147543980
310105242
70628940
206293788
71222965
134449972
190358176
247601546
246066559
237120909
195303362
4743041
60749241
89915506
89843634
238469840
180378969
199104464
202346985
220098910
258973928
135109944
111927970
52247664
103713162
195390244
82440964
161941763
177520460
148112065
167293141
131803408
91128991
294552276
145985085
192852519
156404023
319931591
277221179
307823593
43416545
165271203
208919795
1752908
37006766
231551037
25388835
81815543
163471883
142321505
108550576
294310843
105462731
307161980
1399971
86402032
60074681
133243987
207231842
216535034
209001630
189310869
222869504
128460032
134230176
234076750
127607693
130996557
71860837
197166409
182573418
217724291
220151567
72621
290380679
241570754
149319879
215895237
187040399
113564408
161725336
153187177
68247946
188568921
3501870
109746175
280132829
300976756
7735889
265128640
122580683
156952049
324177540
100011838
207281407
175845989
155527360
38236721
121550240
306637992
282963642
67763309
149076987
2375492
215041900
66693865
112223726
56067078
118010702
217495627
124959476
308479812
198824073
157782322
106873499
183939588
295524976
113399627
24171524
108152193
197159478
42565939
18797728
68101391
70900561
78180036
320709750
198294555
278017861
306736895
52320602
50670431
69534843
202766131
146521505
280519754
186015521
63583536
133842047
9512258
198591918
124725487
241671076
102988777
244502395
6036080
168434961
305428867
111440682
193524018
298190775
152771639
228228573
155339726
253171528
159331797
168659081
160370757
43184385
12512306
290015502
154859685
124192927
217153690
262637167
33860949
218425244
106070187
151345943
62226588
126884721
187404391
52715583
10403154
144672
188498399
149625270
205495495
7591001
265731219
178473516
276251230
20766357
159107557
31563140
218410242
267347484
71094722
326937096
207573015
193492602
280240232
192821488
104061859
269541137
324438807
258854453
14179354
155789527
263751996
310107083
323643856
6915424
8969279
292512764
308004379
294890927
255451255
233416476
248253541
230683757
228665318
154000251
256909117
127682661
174430115
243721889
50214064
265956135
142689645
85330957
299640856
55541192
83280632
208484011
61165009
58101202
204611529
277872000
279967008
222243077
8332646
109705304
220789988
129739
315938947
151020594
197220330
14006587
177018812
106531034
94309062
327021295
221765673
205867410
35807521
143864905
217322086
98207437
278818849
310028428
285232829
324969345
110289013
211375942
164026790
45550989
84710463
16896428
89676452
5701108
296038329
75944900
263219173
26982291
7701103
260078609
42849335
92270657
35687233
194879983
211709458
288250971
242117699
235874959
266475936
219055798
222880370
27201322
238591408
83273038
56515284
180976555
113282153
320884842
267610277
90262011
115779988
48318839
78455877
251868312
165440294
128775173
242436329
133720025
192452697
200742335
166941162
44967463
2502819
309442079
203850416
23211393
63471565
194724482
113526454
40327999
226228929
313533526
118703143
257603573
266245381
260291089
158932270
150226410
177487562
217476024
203730651
56939079
11360025
256109978
225074023
96752410
260820115
30655413
173237696
259661098
77979767
107894876
53747741
156034463
274368750
285721205
111001546
120766212
32479398
228300355
310890793
216043431
35805064
139412495
265260296
129216772
158227341
8831979
218531333
35911268
295329642
138041546
174584066
254529726
212432285
61407979
16868206
14761751
32426936
214167784
239987896
249374898
15542220
15747710
165656676
133380973
65501101
306388282
54601040
261304259
97350331
315737122
85312021
222365608
283011805
161998586
262241349
217117634
272093222
100400652
264909201
87461286
91713340
22461083
227675565
4901366
109575469
3271593
321357057
111988122
118250755
177594280
299307476
92164048
271734623
82702268
163120364
26959050
214157359
222261399
134363859
128837143
127551698
25711871
310793309
161834226
100140274
148216956
47212537
96969757
322234066
318609271
11774145
292585391
91156895
204562938
22562269
44858933
91438858
38324022
277531182
22575946
263137941
327224093
10297524
24928161
165649124
96823881
81884198
224762169
190583471
52985217
188668829
93476191
243840535
143793940
167310686
253239103
81408894
322580599
296437508
163693418
247418025
100250029
292768264
67474671
92121949
306094690
110521395
201292026
307598160
89847880
323049793
240535984
38132897
23126952
152744941
233068819
204198134
192619214
324806052
267920448
148873164
258322719
55384384
44791236
84544895
178734918
83142209
85126993
235326016
299203077
213143521
176111784
266403729
83913888
56091341
167807422
223233645
217755391
246580135
4462273
125284944
90087174
240092835
146611224
180321043
291354698
49036903
149078304
301231590
304504178
226601796
221090952
118988893
34193949
105396030
25077478
213542979
121209857
59549602
197280533
260596599
163701671
8290554
19738184
182309429
159675048
242480572
294183166
5336342
9164977
209964861
27766061
711384
45280108
181714237
159145136
109913794
189556683
126511134
275632352
95479283
242862623
118291348
239936647
79655968
155301444
71549389
177198910
11448065
105155762
177076517
148497925
302547402
66881536
278500264
306972880
227381008
295966003
125048927
13679736
85002888
39346723
27347475
319062784
13712547
189403543
137143433
246971015
169482698
163850951
206621302
168372497
119310468
144484527
253734131
36687029
308740159
206061225
14383763
272742968
72215214
194544875
128530834
150515974
107613092
92740164
146703928
175207211
150909974
315681275
301944779
107540376
283190565
230964361
11297744
249232123
320797373
233203085
211740291
283810824
37106184
105780384
64710976
21928005
31238047
130837575
73499436
297535129
2310094
251840872
142946380
169413263
171946942
118753608
79260665
163552305
22163398