98 12 81 86 8 29 10 65 59 38 93 76 88 83 53 74 4 9 67 75 20 37 17 92 36 69 27 35 87 95 48 61 57 46 22 3 89 64 49 52 41 80 39 13 21 14 62 84 33 100 11 28 56 58 45 79 44 71 90 5 18 50 94 63 25 73 85 97 66 34 31 60 55 51 19 96 77 72 78 43 82 32 30 23 7 42 47 26 99 24 40 6 70 68 1 2 16 91 54 15 
26 24 29 44 76 56 70 52 50 19 89 40 71 32 39 21 7 84 38 79 100 72 30 12 96 91 95 99 49 60 42 86 55 8 28 53 78 47 98 33 36 85 51 74 80 82 58 75 9 68 67 65 90 88 45 62 3 41 31 81 20 63 83 43 6 57 17 10 18 93 5 25 11 59 61 34 46 23 92 2 94 35 48 64 66 27 37 16 77 15 4 73 22 87 54 69 97 14 13 1 
34 87 31 16 97 86 72 42 78 32 61 84 18 30 50 8 65 36 92 82 9 44 35 4 58 68 37 20 98 17 57 85 62 27 79 100 6 52 56 70 29 38 3 75 23 77 5 67 91 40 55 81 48 96 93 26 28 15 59 90 46 14 41 89 83 13 69 51 60 22 45 71 66 7 54 88 43 74 94 49 21 47 1 33 19 25 63 95 10 12 24 76 73 2 11 99 53 80 39 64 
10 17 86 66 50 46 92 65 41 81 7 62 95 12 56 14 94 76 80 6 44 70 39 96 37 97 32 71 22 53 18 29 87 42 20 3 57 9 21 38 73 5 59 54 28 77 61 72 1 11 34 16 25 99 74 2 84 13 45 33 60 82 67 75 8 43 24 55 83 15 58 27 31 36 19 90 48 89 91 79 93 69 26 52 30 35 98 63 51 49 100 47 23 88 64 85 78 4 68 40 
4 66 96 35 39 60 83 32 89 65 17 95 100 49 51 24 22 23 61 38 75 78 3 48 28 40 57 91 5 58 14 2 25 50 26 76 85 11 6 34 92 31 18 80 84 52 86 47 74 98 16 56 63 90 43 37 69 73 36 62 64 19 20 67 79 46 77 94 53 68 81 82 59 88 44 12 33 15 1 8 97 27 42 7 72 93 13 10 41 54 55 29 70 99 87 71 21 30 9 45 
29 16 40 71 74 2 79 55 34 33 52 83 35 50 20 49 87 21 62 3 95 12 56 72 88 82 26 69 81 10 66 6 30 9 18 65 5 24 39 85 27 94 60 48 17 84 98 91 70 78 37 13 99 76 64 73 86 44 57 53 96 1 43 8 23 58 14 11 68 100 59 4 63 7 45 80 90 92 46 25 19 28 97 54 41 42 93 75 67 61 15 32 22 31 89 38 36 47 51 77 
91 66 94 62 63 57 20 76 17 93 68 51 79 82 48 87 16 43 75 59 83 23 52 96 31 39 26 95 13 65 6 80 89 97 88 38 60 44 64 49 50 92 32 71 99 25 27 14 15 47 35 42 55 21 40 3 53 78 37 33 84 24 34 86 100 72 30 4 70 9 11 19 74 54 73 7 46 61 85 10 67 77 29 69 36 81 18 5 58 90 1 12 56 2 8 28 41 98 45 22 
88 30 55 46 22 82 83 1 65 33 89 24 90 64 63 62 97 8 92 17 98 72 7 57 95 96 18 87 61 36 58 5 47 35 49 73 37 43 23 53 9 48 32 50 42 69 100 29 10 14 78 20 15 54 11 99 27 44 93 34 38 68 31 94 56 81 19 3 91 51 86 40 79 76 71 2 66 39 28 26 52 70 4 85 41 80 21 74 16 67 45 75 6 60 12 25 13 84 77 59 
96 15 21 95 43 23 86 76 25 78 2 10 83 82 74 41 56 5 93 89 62 39 35 79 6 24 38 58 72 54 37 40 1 97 84 50 44 18 17 92 55 57 64 31 67 47 69 12 3 48 29 63 75 14 77 99 22 59 34 20 27 19 49 30 13 66 11 73 33 71 60 4 94 51 81 42 91 32 8 45 36 28 88 68 7 53 46 9 80 61 85 26 98 100 52 16 90 65 87 70 
6 55 69 26 21 68 45 49 17 84 1 16 47 83 40 46 99 54 10 22 36 18 9 13 34 29 3 33 12 28 43 80 71 8 27 14 32 74 91 37 97 98 88 39 42 73 92 58 11 72 51 70 24 65 50 87 53 56 61 78 2 79 20 63 89 62 94 59 41 7 57 60 38 85 66 90 100 95 44 35 5 67 86 82 23 25 76 96 30 64 81 52 4 75 31 48 77 19 15 93 
61 12 77 23 3 68 60 88 80 22 99 10 8 65 49 45 33 51 31 9 6 63 54 43 84 85 26 78 39 67 73 81 35 59 24 50 38 44 90 95 57 14 21 15 37 52 42 28 48 36 25 41 71 53 97 19 27 89 74 40 58 13 93 7 70 64 32 1 30 79 4 11 96 82 55 69 94 86 16 87 91 29 47 62 66 5 98 92 100 76 72 17 2 20 75 56 83 46 18 34 
81 99 18 43 23 50 20 83 95 51 62 87 68 72 13 33 19 78 30 3 22 58 46 93 11 9 27 1 67 73 39 35 96 28 4 66 38 61 85 25 32 70 75 40 37 54 47 5 2 76 41 56 55 90 94 88 14 80 52 24 100 31 60 69 74 29 89 53 15 71 49 86 34 10 92 36 59 91 45 17 64 84 16 42 8 82 44 65 26 7 63 12 6 57 48 98 79 21 97 77 
10 1 6 95 55 26 60 80 73 33 28 8 99 65 29 41 48 64 14 20 88 96 69 19 37 70 24 62 94 18 97 7 3 82 66 81 76 63 35 16 12 74 86 45 51 85 27 92 17 83 90 72 13 21 91 53 79 42 11 30 56 22 71 61 75 77 32 23 100 54 43 25 52 44 67 84 38 9 46 59 4 15 39 58 89 31 57 93 49 87 40 36 78 47 68 34 5 98 50 2 
89 38 47 39 5 51 54 46 59 99 4 58 90 24 71 78 55 77 6 50 63 10 56 93 18 27 66 100 76 7 16 72 11 69 73 2 49 95 14 64 98 60 65 15 91 36 28 32 1 43 21 9 70 62 79 42 94 85 26 25 87 40 22 68 35 8 52 53 48 17 44 29 57 12 96 75 37 97 67 13 81 86 3 41 61 20 84 80 31 82 83 19 30 45 88 33 92 23 74 34 
25 42 5 4 89 14 91 61 9 10 24 76 32 50 79 22 26 87 77 34 40 58 97 16 86 68 52 90 44 65 100 8 7 74 28 45 1 55 15 13 27 81 57 92 56 88 59 43 99 83 38 47 71 31 70 21 64 6 54 39 63 33 53 37 96 51 69 84 75 29 17 85 82 95 94 48 93 66 35 18 20 23 67 49 98 72 12 46 60 78 36 11 30 19 73 80 41 3 2 62 
35 20 69 34 22 43 31 45 68 26 41 65 37 90 85 96 39 42 23 77 15 7 82 36 49 83 14 54 16 92 75 70 99 32 10 29 21 97 17 81 64 94 25 51 2 86 11 18 71 88 24 1 61 12 55 4 8 66 72 74 40 19 58 48 78 5 87 67 95 9 47 28 80 33 27 38 53 84 52 30 50 57 62 13 56 60 6 59 79 98 46 44 63 100 93 76 73 89 91 3 
11 79 68 72 16 90 78 86 59 5 28 4 93 46 15 96 35 13 14 21 54 9 44 98 69 71 97 17 38 100 19 7 2 99 73 66 34 88 80 50 55 29 65 36 20 31 56 42 1 74 57 64 94 58 10 37 22 89 77 40 24 43 47 84 82 49 61 85 41 32 51 87 60 67 45 70 6 63 23 83 62 91 12 75 27 30 81 76 25 52 53 33 95 8 39 92 26 18 3 48 
72 90 67 69 36 13 100 17 6 26 87 63 66 89 10 3 68 1 77 56 78 83 95 23 54 5 49 42 21 82 39 86 7 29 35 60 46 33 22 62 98 93 41 24 31 81 55 34 96 94 4 64 18 79 47 8 9 58 50 2 30 38 27 61 12 70 28 45 32 80 25 88 65 20 44 19 84 73 40 91 92 57 16 43 59 75 99 71 48 97 51 53 11 52 15 14 76 74 85 37 
68 13 84 62 48 69 44 46 26 76 79 70 90 37 19 40 6 56 82 54 75 35 38 39 2 12 80 20 64 100 43 11 27 51 96 57 28 66 24 63 95 23 86 72 10 7 3 15 61 47 53 52 29 97 74 81 33 31 98 45 85 9 21 36 91 1 59 87 18 73 41 67 17 83 58 14 78 77 60 4 93 49 25 88 94 65 16 22 42 99 55 5 34 92 50 71 89 8 32 30 
23 15 50 82 97 75 57 39 60 24 79 12 14 99 66 100 73 58 63 5 28 33 48 16 20 3 84 40 70 94 29 69 98 92 31 44 71 35 25 85 46 1 38 55 53 95 64 43 45 87 7 96 65 47 59 51 83 56 77 49 36 9 80 2 90 27 18 74 78 72 19 41 61 32 54 89 6 42 10 81 21 4 76 68 30 93 17 26 22 62 34 86 67 91 13 88 8 52 37 11 
41 98 5 56 69 37 4 61 33 75 90 74 25 54 91 77 3 73 80 13 52 51 64 14 63 32 35 55 9 78 86 53 50 85 83 6 22 76 45 16 48 19 17 15 36 12 97 29 11 23 94 59 28 26 10 1 20 87 7 46 34 88 93 82 65 70 31 43 42 95 39 67 18 62 96 21 58 89 99 81 40 27 84 38 66 79 68 57 71 24 92 44 30 72 60 8 49 100 47 2 
26 25 14 97 24 13 23 11 5 83 98 80 93 64 22 58 31 15 69 79 55 85 92 49 12 3 50 4 68 29 20 45 10 91 16 48 8 27 9 73 54 96 43 90 59 65 1 87 41 67 38 76 34 62 47 32 88 86 99 75 57 7 95 72 18 6 42 19 71 100 77 30 60 61 21 56 28 2 39 81 52 78 63 53 35 40 89 84 74 17 36 82 37 94 51 33 44 70 66 46 
46 42 1 18 7 77 41 100 48 85 84 80 13 24 52 55 29 20 97 21 82 68 51 92 65 98 44 79 28 90 5 60 53 33 40 26 96 74 75 17 91 50 9 86 3 70 35 58 88 69 71 25 64 94 31 10 62 23 34 11 38 16 12 8 43 63 73 54 45 27 37 49 83 57 81 61 56 2 32 39 30 72 78 6 59 87 76 14 99 67 47 89 66 4 95 22 93 36 19 15 
25 62 21 98 46 84 90 55 49 85 81 95 3 44 51 82 91 1 74 18 20 69 66 5 77 26 15 13 17 79 47 12 37 10 2 45 64 70 39 27 75 22 30 87 76 88 67 28 94 73 50 57 11 80 6 14 35 68 48 19 71 61 97 60 38 86 93 43 9 32 72 54 34 4 83 24 53 40 29 99 89 96 52 41 78 42 65 59 58 100 23 8 16 56 31 92 36 33 7 63 
87 28 44 67 62 59 8 70 74 17 30 90 63 45 53 25 80 41 35 100 1 83 93 46 48 13 5 21 42 84 15 10 98 7 24 50 69 75 4 12 73 14 2 92 58 6 72 65 57 85 81 18 16 96 11 23 99 49 64 9 89 20 66 77 27 97 95 19 78 47 52 40 26 56 54 3 55 60 31 88 22 76 94 32 82 34 43 68 33 79 91 36 86 29 37 51 38 61 71 39 
31 63 87 38 50 26 58 99 36 2 22 100 77 5 35 78 24 64 1 88 80 46 92 29 7 96 71 74 90 76 62 21 84 93 72 16 75 9 60 83 57 59 56 89 14 53 12 47 6 81 54 10 18 13 41 73 65 30 49 42 40 39 25 33 20 27 61 43 98 52 37 94 3 95 28 48 55 32 91 17 66 67 97 15 68 4 11 70 19 85 69 45 51 23 79 34 82 86 8 44 
93 98 13 36 12 66 48 64 83 30 38 72 56 59 22 28 100 77 75 73 74 23 78 49 60 34 94 88 85 21 26 68 42 14 54 92 29 44 53 24 8 65 10 81 7 90 67 47 57 84 33 2 69 86 3 79 35 32 27 63 18 71 6 82 31 5 55 15 4 9 95 19 91 43 41 46 80 39 89 17 99 62 58 50 45 61 25 11 96 51 76 52 37 20 97 16 70 40 87 1 
86 45 15 8 49 84 96 97 22 62 95 63 98 41 11 25 83 36 89 80 44 14 23 32 18 100 90 20 7 64 24 74 55 81 16 69 68 93 54 76 70 88 10 87 71 12 38 29 60 27 1 34 50 94 78 37 5 66 92 91 99 52 59 4 9 31 2 33 3 35 26 21 61 47 43 82 58 17 75 56 13 19 51 30 39 65 42 67 48 85 57 77 40 28 53 73 46 72 79 6 
24 31 35 95 80 77 50 59 49 99 93 69 83 5 67 47 71 72 14 51 48 66 4 68 88 53 18 27 42 38 81 63 26 79 44 89 64 73 97 43 34 74 57 23 96 33 46 3 61 40 90 85 9 32 37 55 70 11 12 19 82 2 15 87 13 25 39 30 6 7 98 91 86 54 22 94 21 60 76 78 84 92 58 45 16 29 56 41 52 75 62 36 10 17 28 1 20 65 8 100 
61 49 87 89 26 17 9 35 23 31 21 60 86 6 63 14 67 92 7 5 15 29 68 30 99 62 12 77 50 33 66 76 79 100 84 91 71 56 98 8 59 47 27 73 10 58 25 83 93 82 11 43 81 18 1 41 4 53 24 34 72 28 37 90 97 3 22 51 88 95 45 38 57 2 16 75 40 65 80 36 85 46 32 78 39 52 55 74 70 42 20 44 96 19 94 69 13 64 54 48 
1 97 6 50 26 41 30 100 89 82 31 76 66 74 29 8 44 59 77 52 69 7 87 62 90 12 42 58 92 47 96 53 17 95 54 46 68 5 78 23 15 81 63 72 20 51 57 27 56 38 18 80 36 21 32 70 86 16 9 28 71 88 91 22 11 79 14 48 2 40 4 94 65 83 25 55 73 85 98 61 60 33 3 35 24 39 34 45 13 84 49 10 37 67 64 75 19 93 43 99 
96 24 77 41 71 32 18 69 87 47 15 56 16 51 75 100 68 67 7 30 8 52 27 36 76 28 90 64 21 80 43 46 63 86 70 40 97 35 57 13 14 34 39 5 81 79 78 53 95 50 10 55 29 62 98 45 9 73 6 23 20 60 38 72 66 3 93 74 37 22 31 94 48 19 99 82 17 58 59 1 83 4 61 85 49 54 65 11 12 42 2 84 88 25 91 92 89 26 33 44 
79 68 25 98 45 66 73 10 80 69 23 100 77 1 19 53 56 88 16 30 31 58 49 76 97 64 5 63 11 39 91 81 42 60 36 3 75 86 35 17 38 4 24 83 6 46 22 92 15 32 94 78 57 33 9 72 28 85 55 84 12 41 51 87 29 74 89 34 2 96 54 40 48 70 44 90 13 43 59 27 20 21 18 62 67 93 99 95 47 52 7 14 8 37 26 65 61 71 82 50 
62 95 15 94 21 6 77 91 18 30 1 70 20 60 23 3 83 71 99 42 68 56 75 64 12 29 27 2 13 17 78 67 19 96 82 48 93 80 11 35 43 47 59 69 55 40 4 16 81 44 66 38 85 34 32 73 49 8 28 97 52 89 46 58 63 7 25 5 45 79 65 24 92 98 90 87 76 33 31 72 50 41 51 86 54 74 88 26 22 10 84 36 100 61 57 53 9 37 14 39 
60 94 33 1 32 45 89 31 61 79 53 78 51 30 75 22 57 40 88 72 58 44 55 34 10 83 9 21 27 23 70 95 90 13 71 41 64 52 43 80 17 16 49 73 97 12 96 36 81 29 19 20 98 59 6 14 24 56 15 39 5 87 4 42 63 92 25 47 84 68 54 38 76 50 74 66 65 48 37 8 67 86 69 11 82 77 26 91 28 18 62 100 35 99 46 3 93 85 7 2 
34 2 72 47 53 51 65 19 97 43 29 68 55 1 77 6 33 15 71 5 79 62 88 95 18 36 61 39 86 89 37 26 57 82 52 81 12 64 22 96 20 3 90 78 69 35 67 11 87 70 24 58 38 4 44 100 32 27 63 46 75 49 25 45 85 48 8 10 92 30 21 59 40 84 42 74 83 50 31 23 7 80 98 94 28 56 66 60 54 93 76 9 91 13 17 41 99 73 16 14 
99 55 94 4 48 63 91 1 16 87 82 41 15 84 40 29 38 71 68 69 22 10 78 49 65 30 83 75 80 46 70 47 81 32 44 74 31 43 52 100 42 39 19 7 3 73 36 86 92 12 58 24 88 17 20 25 76 77 59 89 8 35 57 5 34 26 56 53 45 85 62 95 66 13 61 2 11 72 97 50 79 37 33 98 18 54 60 9 28 27 21 23 6 93 90 96 14 51 67 64 
89 91 82 23 46 29 77 8 10 41 93 24 33 60 74 39 18 92 57 22 25 66 17 69 1 19 71 30 54 38 20 75 40 85 99 44 58 42 15 86 78 32 95 96 31 27 72 14 80 6 100 98 67 73 94 97 43 2 36 87 9 51 64 35 55 88 53 34 3 37 49 16 56 4 11 79 47 84 7 83 52 76 61 62 13 81 70 68 90 12 28 21 63 26 65 50 45 5 59 48 
71 76 35 72 15 79 24 88 12 40 64 5 55 50 78 34 65 29 73 98 95 92 82 94 17 96 47 22 66 81 25 33 4 99 68 83 53 51 37 49 43 7 59 100 28 32 69 91 31 8 26 74 87 54 9 60 84 41 2 93 62 10 30 20 6 36 97 1 13 23 63 56 19 16 58 3 67 86 89 90 80 42 75 39 45 77 61 14 11 21 85 52 46 27 48 57 38 70 44 18 
17 16 13 12 81 86 51 100 91 72 56 67 64 14 8 63 43 48 92 39 19 23 38 54 9 69 6 98 76 95 18 87 52 59 57 73 36 20 25 34 78 85 32 15 28 74 5 60 94 24 61 47 77 68 33 58 53 10 66 55 82 45 90 89 4 1 71 30 29 88 70 96 62 35 65 37 79 44 31 80 41 50 21 93 49 42 99 97 27 75 26 7 3 22 2 46 84 83 40 11 
77 37 18 100 33 35 97 83 52 64 69 79 23 90 48 68 2 36 24 22 12 58 80 61 54 72 42 94 17 62 84 32 95 40 49 38 75 67 3 4 9 89 85 6 47 8 19 11 57 88 28 99 43 31 96 25 26 1 78 27 16 44 41 92 55 5 39 91 10 45 74 56 73 20 21 34 87 60 65 70 29 66 76 59 98 14 93 53 81 82 46 63 13 15 50 51 86 71 7 30 
12 66 63 98 94 48 62 88 82 41 68 40 35 10 84 69 19 83 23 50 29 6 61 28 99 36 59 45 67 4 18 27 33 54 31 64 16 52 71 25 17 39 8 9 72 95 57 26 75 91 24 30 79 32 34 65 92 42 14 13 90 60 37 80 58 74 97 49 56 1 22 21 55 86 7 77 15 70 81 11 85 46 100 78 20 93 44 89 2 47 43 38 3 87 73 53 96 51 5 76 
92 48 12 16 54 81 88 36 26 67 72 84 34 35 76 1 8 44 2 41 87 57 49 64 25 20 85 29 39 53 40 23 21 66 18 80 97 55 43 15 94 17 59 65 83 42 82 61 96 100 86 47 75 69 22 9 60 93 31 79 14 7 32 56 3 91 90 37 45 24 71 28 98 73 51 13 46 50 10 33 27 38 77 63 5 62 4 95 52 68 74 78 6 30 58 11 89 70 19 99 
55 66 70 28 20 34 26 33 60 37 40 43 21 51 67 54 84 6 17 31 2 1 91 90 25 59 35 13 97 82 92 94 61 56 8 98 36 11 99 44 81 3 86 18 32 30 10 46 78 68 75 39 53 38 64 93 22 73 85 14 65 62 96 19 72 9 47 4 77 80 23 12 15 45 16 42 87 58 69 63 79 48 50 41 76 27 52 5 95 83 71 29 57 88 74 49 89 7 100 24 
41 21 35 26 9 79 28 24 73 82 88 56 55 12 83 76 34 90 15 87 61 7 67 44 27 84 72 25 71 60 52 31 30 57 39 91 18 46 64 98 97 51 33 42 77 66 86 4 36 47 40 49 13 68 78 38 50 69 20 16 11 94 62 65 6 17 75 10 37 19 99 45 48 81 22 93 32 58 14 100 74 8 85 54 92 23 3 96 1 95 89 59 63 70 43 2 5 53 29 80 
93 36 18 49 5 58 52 28 60 57 33 75 39 69 70 32 54 10 91 7 29 77 87 66 4 31 6 72 76 38 99 51 9 86 24 56 53 84 89 67 94 44 30 100 64 20 80 25 22 73 23 35 97 61 34 96 42 90 15 88 92 62 8 11 45 13 63 85 17 16 26 46 43 98 1 50 14 55 19 12 71 68 21 2 79 41 78 83 37 48 65 74 81 40 27 47 82 95 59 3 
55 10 21 81 3 43 11 58 73 65 66 100 84 98 93 78 72 70 42 63 46 41 50 32 33 37 54 96 38 88 89 48 61 24 29 94 76 39 40 71 64 77 95 28 79 56 59 1 16 60 91 62 44 35 69 52 30 97 87 68 2 14 19 85 83 15 17 67 26 6 5 75 80 99 9 49 45 18 25 36 23 57 90 31 20 53 82 92 22 8 13 7 74 27 51 4 34 47 12 86 
79 54 63 100 98 83 44 18 48 72 26 78 27 68 20 53 39 21 85 95 42 8 19 45 93 73 75 1 90 43 46 70 71 9 2 55 84 15 67 64 5 59 33 4 66 89 30 41 24 25 6 49 92 58 31 60 99 96 91 47 81 23 35 87 3 16 50 13 69 86 17 7 37 12 10 97 34 61 14 65 76 52 28 56 80 77 22 51 88 74 11 62 82 38 36 40 94 57 29 32 
35 33 76 58 64 20 46 87 53 39 45 44 65 36 13 6 88 83 57 38 25 70 67 8 78 98 96 48 72 50 43 7 34 3 18 15 84 91 90 92 100 80 89 2 73 26 71 81 11 97 27 23 9 61 5 16 37 49 99 59 56 4 51 55 52 60 10 62 79 41 31 47 75 77 86 1 74 85 24 68 40 82 30 21 93 12 69 29 94 95 54 22 32 42 14 63 17 66 28 19 
44 43 70 6 79 20 46 84 30 32 27 74 60 14 55 5 49 24 16 3 54 88 73 98 61 18 33 39 8 83 96 1 25 64 100 59 72 67 52 51 86 21 63 68 82 75 23 7 71 87 66 89 17 2 38 37 81 12 13 15 48 58 56 28 50 10 90 76 47 69 94 42 65 36 57 19 34 35 53 26 41 92 93 97 45 99 29 80 95 9 22 62 78 77 85 40 91 4 31 11 
3 48 60 70 66 71 89 30 49 51 41 79 77 2 100 25 73 87 86 76 4 22 33 32 78 10 28 24 20 12 57 83 93 45 94 16 96 63 6 9 81 13 23 50 27 67 88 75 42 5 84 61 38 43 91 1 74 95 68 17 18 44 31 97 29 58 55 26 85 92 56 8 72 52 11 7 37 21 69 82 46 99 40 59 90 35 98 14 47 62 15 54 53 34 64 39 19 65 36 80 
29 54 36 14 20 22 41 61 39 18 81 71 68 57 15 51 76 58 1 45 95 69 67 10 87 65 8 27 92 19 21 96 49 93 5 46 7 75 55 100 63 2 66 28 30 94 72 73 56 16 74 43 4 33 52 13 90 40 23 91 83 25 60 62 88 77 42 84 97 12 47 3 26 32 6 37 64 9 85 79 86 38 44 89 82 80 50 17 31 34 98 48 59 70 99 53 35 78 24 11 
3 90 56 96 26 8 33 43 23 92 35 17 97 4 21 83 79 15 84 94 70 41 78 86 68 75 100 44 6 55 5 57 28 81 22 1 47 37 74 12 32 49 29 73 36 24 65 10 9 64 51 11 48 50 52 77 99 61 88 16 89 25 34 59 2 66 40 71 45 7 87 62 95 14 82 13 67 39 27 30 80 60 98 18 58 19 42 93 63 91 31 46 72 38 20 76 54 53 85 69 
13 59 8 34 6 82 81 93 90 2 94 4 52 60 70 30 65 92 16 87 31 9 35 47 71 68 5 54 40 29 56 72 15 1 37 84 58 74 61 50 79 83 11 22 88 46 53 57 41 12 44 43 98 10 19 20 39 100 77 89 63 33 45 76 21 96 42 95 99 14 24 67 38 32 66 80 69 85 64 3 27 23 17 62 75 86 91 36 51 25 55 97 48 28 18 26 73 7 49 78 
47 29 5 54 96 94 82 91 60 24 12 9 90 62 51 65 86 92 14 2 52 73 35 41 68 28 18 76 69 20 70 32 78 38 67 46 1 37 83 59 79 57 33 44 10 48 4 13 58 27 71 31 6 30 21 22 15 53 40 81 26 80 56 11 77 95 49 25 72 39 19 43 36 42 61 84 85 17 63 87 75 50 74 100 89 34 55 7 97 16 64 45 66 93 99 88 98 3 23 8 
21 41 59 24 83 92 57 52 8 36 39 97 62 90 31 27 23 17 16 87 45 35 46 43 9 60 38 47 40 33 72 28 91 4 18 3 49 98 73 25 29 11 100 82 95 51 50 42 89 7 66 88 54 99 86 81 76 19 34 70 93 10 71 56 13 61 64 58 65 53 5 6 96 48 75 67 74 84 77 79 30 2 78 12 85 1 68 20 22 26 37 55 32 14 94 69 63 44 15 80 
15 10 43 5 24 63 18 22 95 13 74 92 2 54 36 3 94 21 56 37 77 76 98 70 90 6 62 69 35 85 65 25 23 9 14 31 4 1 71 93 60 68 79 57 66 32 8 26 83 46 75 67 97 78 50 39 61 91 29 33 42 84 7 80 52 11 48 99 82 45 40 44 19 81 34 28 51 58 12 30 88 17 47 41 87 72 96 16 59 64 100 20 89 73 86 53 49 27 55 38 
43 92 86 48 90 72 99 28 36 35 64 60 47 18 7 2 41 46 91 89 66 96 12 27 49 23 80 3 100 65 75 68 98 51 24 67 59 33 84 71 58 69 29 21 30 26 40 56 14 76 82 10 88 74 9 54 94 16 81 6 87 95 93 15 63 5 53 39 8 1 78 11 38 19 42 22 61 97 44 62 13 83 50 52 31 45 55 73 20 25 85 17 79 37 70 4 77 57 32 34 
37 58 1 64 89 68 53 18 80 95 4 25 54 17 13 59 6 62 98 32 100 50 56 47 66 86 85 34 23 20 76 21 55 71 15 30 8 87 88 10 31 92 75 61 57 78 14 38 52 46 65 27 35 33 48 24 99 28 42 7 93 45 73 5 49 43 29 79 22 16 74 19 11 39 44 70 84 91 94 2 60 51 69 72 81 96 90 9 40 41 82 26 77 67 3 97 63 83 36 12 
93 3 47 17 90 30 62 48 39 81 57 58 56 64 13 32 53 75 44 49 42 36 1 82 61 38 4 27 14 34 63 68 37 66 16 52 65 26 70 73 21 74 80 6 10 92 15 87 41 29 79 95 18 77 59 11 69 54 25 9 88 35 99 46 60 5 97 86 51 22 100 19 83 50 33 91 72 23 94 71 89 28 40 76 8 12 78 2 43 67 96 98 55 7 31 20 45 85 84 24 
3 78 18 64 20 98 83 28 80 34 5 56 24 15 54 39 6 32 1 13 49 94 30 25 91 2 17 55 51 11 84 97 86 43 75 58 71 74 53 66 50 96 23 65 21 26 46 48 69 47 29 57 8 42 90 35 7 45 22 59 37 73 10 79 82 60 33 16 77 41 40 19 95 93 67 12 85 87 9 62 99 44 52 72 63 36 4 38 81 92 100 14 70 88 89 68 31 27 61 76 
38 79 58 5 65 17 3 55 72 12 59 43 68 74 94 95 45 44 87 20 99 42 67 70 64 23 62 47 89 32 52 30 15 46 54 39 60 57 13 92 49 7 22 31 73 28 93 41 26 69 16 80 24 91 53 25 2 6 1 83 33 50 97 81 63 71 27 21 82 36 9 34 85 18 8 35 19 78 76 75 66 29 96 10 84 37 51 61 48 40 4 11 86 56 14 88 77 100 90 98 
72 30 8 95 2 28 4 39 22 43 85 51 78 10 35 25 87 74 37 21 99 59 31 44 5 3 41 98 1 7 68 18 16 52 12 62 27 58 96 86 23 32 91 70 29 57 67 76 100 80 93 45 50 47 69 97 84 15 81 79 64 54 49 61 6 36 94 48 53 13 24 66 34 26 9 90 20 33 65 17 92 55 38 88 71 42 63 77 19 83 75 56 60 11 89 73 46 40 14 82 
77 86 32 65 89 80 17 55 24 27 58 64 45 33 38 42 91 57 100 19 11 68 62 60 59 10 81 48 4 1 18 5 36 13 85 41 15 50 31 88 44 56 30 53 71 29 79 75 97 8 34 51 37 99 26 46 54 72 39 73 21 9 3 52 25 94 74 66 23 47 70 84 7 49 63 28 82 67 95 93 6 14 83 69 16 12 40 76 20 87 61 2 96 92 35 22 43 98 78 90 
27 53 50 40 73 74 66 72 31 14 28 58 25 42 3 95 96 99 59 10 39 45 65 62 93 100 41 26 77 29 57 75 44 49 34 70 61 7 13 98 22 33 82 15 76 23 6 97 64 78 4 63 11 24 54 67 69 16 18 89 84 55 35 56 47 2 21 88 32 52 85 48 81 68 12 30 17 9 80 90 5 8 46 43 1 37 51 91 83 92 94 87 86 20 71 19 60 79 38 36 
82 97 17 59 71 51 37 61 30 81 86 85 94 4 77 91 89 84 92 41 6 69 76 38 10 49 21 100 46 11 65 66 18 36 63 95 42 27 53 45 26 23 14 1 31 96 72 35 74 67 93 43 13 20 33 9 24 39 99 34 25 5 79 7 90 64 55 3 98 56 22 52 29 80 28 19 83 54 44 87 15 48 47 58 73 60 16 57 70 50 2 75 32 78 62 8 12 40 88 68 
13 28 96 44 62 95 24 91 46 84 77 36 61 63 66 72 12 38 20 81 68 6 49 78 57 23 75 7 30 31 8 100 70 50 85 11 32 2 82 52 56 99 27 92 58 94 15 19 98 51 14 1 73 97 37 40 41 86 74 69 35 71 65 17 67 53 42 54 29 34 88 18 25 5 76 10 90 33 16 4 43 79 9 83 59 93 64 45 87 55 21 47 48 39 3 26 89 60 22 80 
32 16 6 18 31 26 12 7 97 44 11 59 68 61 55 94 52 45 28 96 78 65 53 39 41 13 42 86 73 74 57 67 43 82 72 23 37 1 83 34 81 77 69 50 49 71 46 88 20 84 4 90 92 27 10 66 38 36 22 85 80 54 24 62 47 15 89 70 87 100 98 63 48 8 91 51 19 35 29 3 17 75 58 5 79 33 60 21 99 30 56 9 76 95 93 14 2 25 40 64 
98 82 36 5 63 53 45 84 22 23 91 17 1 26 28 64 87 56 39 29 42 69 75 50 85 78 19 55 65 59 7 81 38 73 52 24 15 100 35 12 54 34 97 88 67 31 11 8 77 13 49 47 79 83 95 96 10 25 27 48 66 20 70 40 94 33 6 99 92 89 74 76 71 62 4 43 90 2 86 60 21 46 41 32 93 14 51 16 3 44 18 72 30 57 9 80 37 61 58 68 
96 5 54 10 1 56 94 28 50 19 66 86 6 68 37 39 2 26 42 83 46 49 65 8 23 20 40 79 99 59 31 35 15 80 98 7 53 57 77 55 82 64 13 25 24 14 18 100 29 71 73 63 33 36 16 3 30 47 12 85 88 9 60 81 11 58 34 75 41 76 89 90 38 51 61 87 32 91 97 44 21 52 92 22 84 48 70 93 78 62 72 27 45 4 69 74 95 17 43 67 
6 3 76 25 88 92 8 15 47 31 52 36 13 18 99 19 55 27 100 70 1 14 87 46 20 42 53 48 29 43 28 24 34 60 69 5 22 77 64 23 94 93 40 67 73 81 90 26 65 72 68 51 39 7 56 16 74 97 91 54 50 37 96 30 17 58 32 75 61 82 95 84 57 71 49 2 10 63 62 85 35 78 83 98 79 41 66 45 21 44 9 86 38 80 89 11 12 4 59 33 
62 40 17 58 65 3 9 6 89 8 22 7 98 39 97 50 81 57 36 69 59 93 43 51 90 38 92 52 80 76 56 91 79 28 60 30 47 73 18 13 2 64 5 23 53 25 24 15 29 27 96 16 1 37 74 63 88 68 20 31 44 14 70 26 54 61 34 84 11 82 41 42 78 4 32 95 100 71 83 45 10 46 86 99 72 66 55 19 49 33 75 12 87 67 85 77 35 21 48 94 
60 16 66 69 89 59 3 78 74 45 5 23 25 93 64 82 61 31 14 52 86 72 98 79 34 37 97 99 21 50 19 38 92 2 84 77 53 18 42 46 26 65 73 27 40 63 48 90 43 85 17 87 36 83 6 44 24 57 7 95 55 47 71 13 22 80 20 9 62 11 96 12 4 54 81 39 51 32 100 91 30 58 67 68 75 35 8 56 88 70 15 33 94 41 10 76 29 28 49 1 
80 90 71 17 67 69 76 55 40 72 84 89 82 98 44 8 24 9 63 60 99 10 54 43 15 31 52 47 56 79 92 48 58 65 5 23 18 50 42 83 91 53 94 35 46 37 33 11 7 78 6 61 29 27 81 21 39 77 22 62 68 36 73 74 34 38 100 32 95 25 93 26 86 30 19 12 97 45 87 66 59 28 41 16 4 2 49 13 70 51 64 96 3 20 1 14 85 57 75 88 
45 36 49 88 94 44 4 33 98 10 73 57 12 40 97 46 59 90 96 83 27 22 2 99 28 62 16 32 11 72 100 75 84 56 15 13 7 17 78 20 58 65 14 77 6 9 47 39 25 42 34 53 92 29 79 66 67 43 82 76 55 37 61 91 24 85 70 19 5 38 26 95 87 8 54 64 48 71 1 31 35 60 80 21 50 74 52 86 89 51 23 81 41 18 3 68 93 69 63 30 
34 25 51 64 6 32 83 9 37 60 59 87 29 53 78 49 42 20 68 50 84 62 5 56 17 54 91 30 76 96 1 19 98 22 35 55 44 93 89 11 58 77 47 43 45 27 88 81 61 90 13 18 79 24 99 33 63 80 36 92 69 67 41 15 46 31 85 71 48 26 38 72 66 28 21 12 16 39 14 10 86 95 40 52 65 2 57 8 82 70 75 4 94 7 23 3 74 100 73 97 
28 9 86 47 1 82 50 53 3 100 27 43 44 93 7 74 71 48 70 6 42 4 38 58 66 91 98 60 33 12 16 67 68 88 25 59 83 30 89 46 65 97 78 23 13 45 35 84 5 20 52 73 56 31 8 72 29 15 76 69 22 14 62 87 36 96 95 75 85 77 81 2 54 10 61 80 94 32 18 90 79 57 49 11 39 41 17 63 26 37 99 55 51 19 21 40 24 34 92 64 
84 34 48 89 28 47 4 93 40 27 70 51 3 12 62 22 2 11 81 57 91 78 92 59 69 98 75 77 39 37 1 17 45 13 94 42 73 15 32 55 33 74 31 76 68 67 49 63 36 71 38 83 79 14 25 35 90 9 30 8 19 50 54 18 21 46 100 16 5 95 82 61 85 52 43 65 64 41 86 53 10 99 7 66 97 20 56 96 44 60 23 29 24 87 6 88 80 72 26 58 
73 10 53 80 43 14 30 94 93 27 84 86 71 32 63 96 4 42 2 9 13 69 31 5 91 1 100 65 18 36 50 20 70 88 89 74 98 92 22 99 54 49 45 67 83 79 6 51 95 62 15 76 40 39 55 17 26 28 57 35 37 87 8 90 81 56 25 75 21 23 24 59 12 34 52 77 29 82 44 7 97 38 61 68 60 16 64 85 66 41 19 11 58 72 48 33 46 78 47 3 
30 42 77 68 11 19 18 48 96 57 64 62 24 71 91 9 45 43 38 39 34 66 92 65 26 59 100 40 94 8 75 93 78 52 97 21 29 67 83 2 87 56 50 98 70 28 74 12 90 33 32 88 1 37 80 49 36 69 20 31 23 7 85 44 72 82 95 73 89 54 99 76 15 58 47 16 13 17 5 60 61 4 25 51 86 41 6 79 35 14 81 10 55 63 84 27 3 22 53 46 
85 33 45 49 13 53 28 71 76 4 41 48 69 56 46 55 44 74 1 64 57 51 79 17 37 100 60 62 25 68 67 14 24 34 21 82 42 8 54 66 96 35 73 72 98 18 87 32 78 94 81 91 27 77 75 3 38 47 97 84 5 40 59 26 23 22 6 93 12 31 95 90 92 86 80 7 19 88 65 39 2 52 30 10 15 63 70 50 29 99 89 36 11 61 58 20 16 9 43 83 
5 26 64 35 60 68 15 76 41 83 79 47 52 21 13 45 86 59 34 69 75 63 78 84 14 7 3 91 62 57 33 22 39 36 96 66 16 29 89 74 25 94 12 40 37 49 73 50 17 44 20 72 28 18 27 42 56 82 48 11 100 93 85 6 55 80 97 95 24 88 8 71 67 31 43 70 98 30 9 38 90 1 32 4 81 99 54 19 23 53 2 92 87 58 77 65 46 10 61 51 
53 38 63 97 79 86 42 56 71 69 64 12 43 96 59 65 31 72 30 66 29 19 50 39 22 98 57 52 61 28 8 17 24 80 13 46 21 34 15 23 83 26 48 75 51 74 73 70 6 40 36 9 16 44 95 78 60 92 3 84 37 27 77 49 99 10 5 54 2 35 93 7 4 68 1 76 41 14 81 45 82 85 20 47 11 89 58 88 62 67 100 87 91 33 18 55 25 94 90 32 
6 50 46 58 83 18 73 93 89 41 11 69 31 3 99 27 56 12 24 43 45 71 22 9 64 79 10 13 72 38 25 80 70 90 48 35 14 60 95 96 82 28 66 30 94 15 76 91 47 23 74 84 98 40 34 36 5 53 55 75 63 29 86 78 16 87 59 42 4 57 8 17 61 68 88 39 26 65 62 92 85 52 19 1 77 37 49 54 51 97 21 2 67 81 44 100 20 7 33 32 
75 1 39 81 49 94 38 46 40 69 9 73 32 15 31 24 18 50 92 20 34 58 8 11 22 43 97 84 2 16 76 55 33 85 10 74 59 23 65 26 13 5 88 82 54 100 47 53 80 71 29 68 62 72 30 52 35 77 37 48 56 3 7 60 96 57 6 36 21 90 91 17 98 89 67 79 51 61 63 42 14 86 28 95 25 4 70 87 19 45 12 44 66 83 41 78 64 99 93 27 
20 22 11 83 90 73 95 80 43 3 94 58 46 86 35 40 32 17 1 37 55 98 30 9 81 68 71 18 31 48 85 36 26 13 47 69 93 44 88 2 76 16 99 82 41 77 6 70 61 79 28 4 72 27 67 54 63 29 60 45 25 66 49 12 39 100 92 89 62 97 56 21 23 53 5 8 34 33 24 51 91 14 59 75 7 42 84 96 87 65 50 74 38 10 15 52 19 64 78 57 
89 99 63 76 50 44 31 92 67 78 91 59 47 16 53 45 77 1 51 6 14 73 40 49 26 61 8 70 48 79 87 37 83 29 58 2 30 33 57 54 18 4 23 3 5 21 62 60 56 11 24 74 42 25 38 27 55 39 72 84 35 81 65 98 34 85 82 36 43 69 15 64 80 32 75 93 88 20 46 13 10 71 17 95 100 9 90 68 22 66 12 19 7 28 86 94 96 52 97 41 
38 48 39 68 82 56 29 44 46 51 13 72 2 92 90 77 36 4 6 73 89 69 31 88 42 1 71 78 79 80 22 86 43 30 97 62 49 16 20 65 58 25 55 96 35 45 5 60 84 66 40 87 10 8 32 67 26 17 11 61 54 64 3 41 27 57 9 37 98 91 33 15 93 99 50 100 52 76 28 47 24 14 23 75 19 21 12 95 74 83 7 70 18 85 34 53 81 63 59 94 
42 50 31 39 52 99 57 71 68 70 66 2 80 81 74 41 36 86 72 8 55 19 91 33 75 18 93 9 27 22 85 5 82 49 37 83 43 65 44 58 13 17 11 88 3 51 38 12 53 73 24 100 15 45 34 79 29 28 56 95 47 7 98 84 4 59 10 14 69 78 35 26 67 60 87 20 64 1 25 77 46 40 97 63 90 89 21 76 30 23 62 92 94 61 48 16 96 32 54 6 
25 57 38 6 69 26 23 93 66 65 79 45 14 27 12 73 62 87 8 98 99 63 36 53 74 90 52 41 30 81 94 97 17 72 80 75 42 58 16 34 78 21 10 71 3 64 77 95 51 1 11 76 82 2 88 32 46 100 96 35 86 5 47 83 84 20 50 67 60 40 85 7 92 89 54 4 31 37 29 61 28 43 56 19 24 18 44 22 55 48 70 68 15 59 91 9 49 39 33 13 
96 49 48 55 45 22 75 51 80 83 37 21 35 36 42 59 95 7 87 70 92 69 28 38 56 76 77 15 94 85 16 88 11 27 64 1 9 66 72 91 50 34 10 78 12 81 23 26 53 68 33 73 20 71 13 3 30 90 62 17 97 39 40 43 46 67 58 24 84 99 8 74 32 82 57 44 65 86 54 19 2 60 4 5 25 98 31 29 14 100 61 79 63 52 6 89 93 41 18 47 
31 5 34 16 65 17 80 67 77 28 24 10 4 18 27 93 39 2 37 84 87 52 98 41 60 1 76 99 68 33 53 74 35 8 44 95 54 30 92 59 46 50 94 22 15 14 43 40 29 64 81 55 19 42 38 57 96 75 78 49 25 63 70 85 89 72 97 100 20 83 90 51 61 58 79 3 36 21 73 32 12 66 71 82 26 86 91 13 48 45 7 6 62 56 69 88 23 9 47 11 
57 42 95 70 71 29 83 11 98 91 61 39 46 54 6 67 36 74 92 16 62 37 34 77 72 22 55 45 75 51 64 59 3 15 24 7 40 90 89 63 78 21 1 23 97 43 84 32 66 44 58 87 9 10 56 52 53 17 38 27 50 88 82 26 80 20 31 68 93 30 28 13 86 19 14 41 96 73 25 99 76 85 18 33 79 100 2 12 81 4 94 69 8 48 5 47 35 60 65 49 
48 3 81 64 65 39 31 15 4 54 56 32 93 86 35 16 100 60 41 97 27 6 26 9 46 66 20 40 84 79 49 43 17 2 34 95 14 51 47 85 5 70 96 28 63 80 30 78 90 13 10 33 23 38 53 99 73 22 62 69 72 89 1 71 55 83 36 44 21 91 58 8 98 24 12 82 92 29 74 50 94 37 19 77 75 42 57 18 67 61 45 88 7 76 52 68 59 87 11 25 
1 43 4 91 44 61 77 42 27 26 67 66 56 55 25 90 20 36 21 64 22 83 38 9 41 98 95 82 47 97 65 51 99 3 70 29 28 52 32 33 74 50 16 76 88 53 10 78 59 48 11 17 75 7 86 79 5 100 93 87 34 63 6 96 73 40 37 18 72 94 2 35 12 13 24 68 15 57 62 39 69 30 84 71 46 45 58 31 60 54 19 92 8 14 81 85 80 89 23 49 
65 91 16 19 76 32 55 13 68 54 51 6 3 61 56 84 100 5 96 23 50 11 9 14 73 35 69 64 66 10 40 79 43 36 59 58 48 7 92 20 42 74 30 82 18 88 71 60 2 8 44 33 90 52 46 62 49 78 28 75 29 15 31 67 98 34 99 17 53 22 24 25 81 86 93 72 83 4 37 70 97 27 12 57 45 77 63 87 95 39 94 26 89 80 41 21 38 47 85 1 
52 5 17 70 48 85 92 49 60 87 81 12 7 40 98 26 24 61 44 66 59 38 21 9 51 78 56 30 28 75 34 96 11 55 43 91 53 2 39 14 74 31 86 62 99 8 76 36 23 6 47 37 68 69 4 71 18 63 16 93 57 82 20 45 3 84 72 27 25 10 41 83 94 65 32 46 1 97 67 13 73 50 33 100 35 19 77 79 64 90 80 95 15 88 89 22 29 54 42 58 
53 18 88 81 87 23 61 39 7 41 100 38 37 62 90 17 31 52 66 75 14 94 26 79 27 49 89 32 30 56 24 69 51 13 58 67 83 6 34 2 19 76 99 59 47 64 29 46 33 74 20 85 82 78 1 63 44 96 15 9 3 57 92 68 93 22 45 91 4 77 71 35 55 80 48 12 28 72 84 54 97 95 25 65 10 50 21 36 98 43 86 8 73 40 5 70 16 60 42 11 
10 3 49 60 87 5 1 65 85 53 41 12 7 30 6 63 79 94 39 80 17 90 68 98 56 32 62 40 95 71 88 13 22 81 42 19 55 29 58 96 20 67 24 4 16 37 54 44 92 51 35 34 100 28 61 89 31 73 99 70 97 83 43 84 14 50 9 69 93 75 23 72 21 52 2 45 8 78 77 91 46 18 47 11 33 57 82 74 59 27 36 66 86 26 64 76 38 15 48 25 
47 11 96 17 72 14 99 91 75 36 33 88 64 58 43 76 66 71 74 68 73 30 92 61 28 15 84 46 25 90 98 57 5 2 62 18 52 97 87 42 53 78 59 60 32 94 77 70 67 50 23 19 6 49 38 4 69 21 51 3 9 34 31 1 45 44 10 80 89 35 16 54 39 63 29 40 82 83 13 56 95 48 24 65 81 41 7 100 8 20 12 26 55 27 37 86 85 93 22 79 
