20 9 10 11 6 7 1 4 13 18 2 19 14 16 17 3 8 15 5 12 
8 20 18 4 1 5 6 12 2 16 15 10 7 3 11 9 17 19 14 13 
19 15 13 14 17 6 7 8 20 16 5 12 18 2 4 1 11 10 3 9 
12 17 20 14 1 4 6 11 10 16 2 13 3 19 5 9 8 7 15 18 
2 9 18 14 11 10 12 7 16 1 6 15 4 5 20 3 13 17 19 8 
5 8 2 15 6 17 10 11 1 18 12 13 19 9 7 16 20 4 14 3 
6 3 4 13 5 7 17 15 10 9 12 14 20 11 2 19 1 18 16 8 
10 12 3 13 4 19 2 16 6 20 8 17 5 7 11 14 1 18 9 15 
13 15 5 2 6 10 8 1 3 7 16 9 14 11 20 19 17 4 18 12 
11 20 19 13 1 17 9 12 6 2 7 10 8 5 14 4 15 16 3 18 
8 12 5 6 15 2 16 4 17 10 7 3 19 13 14 20 9 11 1 18 
13 10 7 14 12 18 9 3 5 11 8 16 20 1 15 6 4 17 2 19 
11 12 2 16 9 19 7 13 18 20 15 14 4 6 3 17 10 8 5 1 
20 18 10 13 11 14 6 3 12 9 15 17 5 8 2 7 19 4 16 1 
20 4 3 18 16 8 19 13 1 15 12 6 9 2 11 17 14 5 10 7 
17 10 6 3 19 18 5 12 15 14 16 11 9 1 4 8 7 20 2 13 
8 2 6 20 14 16 7 1 17 18 4 13 11 12 5 19 3 15 10 9 
12 15 20 10 4 17 18 1 8 11 6 5 13 16 14 19 7 3 9 2 
17 12 20 4 19 7 3 16 9 14 8 15 11 10 5 13 1 18 6 2 
7 4 18 19 8 14 10 5 2 17 20 3 16 11 1 9 12 13 6 15 
