22 82 81 68 29 12 50 69 95 23 83 38 8 80 44 10 91 24 64 31 74 15 46 34 1 59 6 20 99 77 13 49 92 84 73 16 97 47 72 79 7 42 48 52 14 9 71 88 33 17 98 56 85 58 36 55 57 89 87 53 18 3 45 66 63 2 28 41 94 26 25 67 30 43 54 62 96 27 11 75 19 61 40 32 76 93 65 100 39 86 21 4 78 60 70 51 5 35 37 90 
90 48 23 7 75 71 59 72 82 29 18 85 76 55 15 45 80 86 24 39 38 100 96 83 49 84 63 35 73 89 6 88 43 67 3 57 97 87 19 46 16 93 52 74 47 25 42 26 41 33 10 98 69 65 14 79 81 54 40 13 92 44 78 12 17 94 1 5 21 50 30 68 70 53 56 36 8 91 20 27 2 61 22 62 28 32 60 66 31 34 99 64 95 37 51 77 9 4 11 58 
41 26 59 84 90 28 65 77 64 37 56 82 7 8 36 38 73 21 27 66 32 88 25 29 55 72 17 61 23 4 15 3 63 6 92 9 30 89 85 47 74 83 2 99 12 96 60 70 10 45 94 19 68 51 18 81 34 93 31 11 57 20 48 75 97 86 43 49 58 1 79 76 16 100 40 35 71 95 50 53 44 98 91 69 52 62 46 42 54 13 22 78 5 24 67 87 33 14 80 39 
62 80 85 30 28 50 8 49 39 36 61 96 25 17 58 40 91 6 42 71 26 15 73 48 32 94 13 87 88 63 53 79 2 24 9 69 81 64 76 51 55 77 45 3 98 83 65 20 27 97 52 16 90 67 21 93 4 84 75 35 99 89 68 1 31 44 46 41 86 66 14 70 10 29 23 82 7 37 19 74 56 95 60 100 11 54 34 92 5 72 59 38 47 22 43 78 33 57 18 12 
72 94 99 33 59 57 88 95 38 98 13 96 27 34 90 19 41 80 83 42 78 64 2 53 28 92 23 85 62 36 37 61 32 77 91 3 47 18 35 70 7 82 21 8 40 54 73 60 30 86 22 63 1 20 75 25 100 46 26 76 14 44 87 50 43 93 81 15 69 51 68 5 55 52 17 58 6 65 9 11 71 84 56 74 10 79 24 66 97 12 16 48 89 29 49 4 67 39 31 45 
37 72 76 26 42 47 88 67 24 54 92 39 1 100 43 82 77 75 52 4 69 64 22 56 3 85 55 14 10 70 60 28 81 35 53 6 57 61 5 93 19 66 32 12 2 99 78 58 94 44 40 21 15 87 90 80 8 89 16 50 23 51 25 96 41 86 33 38 83 73 97 13 11 95 45 62 79 27 71 34 7 31 49 20 29 98 65 63 74 18 84 36 59 91 9 30 17 68 48 46 
32 57 99 95 97 86 33 51 87 74 92 2 84 27 16 18 55 98 59 85 50 12 46 91 54 83 62 82 64 75 78 68 28 52 81 48 14 35 1 77 39 26 10 80 30 93 100 90 65 79 17 37 70 20 43 72 96 40 15 71 11 23 9 3 34 63 42 67 73 69 66 4 45 56 61 41 7 94 29 60 58 13 6 49 31 24 21 76 88 47 36 89 25 19 8 44 22 5 53 38 
31 5 92 6 1 10 95 32 87 81 89 61 4 97 24 79 44 96 64 25 62 3 47 28 85 70 52 71 7 77 35 51 67 54 91 68 69 76 99 40 13 37 94 73 21 63 15 41 60 66 46 65 11 20 22 38 72 53 58 48 43 82 90 78 19 18 2 86 42 36 39 80 8 83 30 100 56 26 9 14 45 12 93 17 55 27 74 98 16 33 84 49 50 57 75 23 29 34 59 88 
96 74 57 52 12 47 50 54 81 43 23 33 39 60 25 79 5 35 78 3 84 1 2 29 62 100 24 34 92 31 85 77 22 13 18 14 82 4 66 9 80 83 64 38 40 99 11 15 68 8 76 49 30 7 55 10 56 46 89 90 59 16 19 58 91 53 37 93 65 94 87 41 27 97 69 67 73 86 51 61 45 44 88 72 28 71 63 48 20 70 32 95 17 21 75 42 6 98 26 36 
58 17 52 51 19 26 63 78 72 95 30 67 46 57 28 80 84 100 48 75 6 85 81 99 69 54 12 34 88 90 9 56 8 55 27 71 40 64 18 21 11 4 31 41 15 36 70 10 91 77 37 16 68 5 42 25 38 43 97 61 32 23 66 93 50 22 62 2 49 29 73 76 7 65 39 35 74 83 79 82 98 59 94 53 45 20 14 1 86 89 87 3 92 96 24 33 44 47 60 13 
65 62 29 5 48 92 33 2 41 99 81 15 23 36 95 46 52 57 73 86 13 18 38 54 75 43 17 69 61 82 77 8 98 100 72 28 87 34 19 64 22 37 26 74 53 42 91 51 3 24 70 59 58 20 50 94 14 1 11 85 12 31 30 93 90 56 79 49 97 83 9 25 39 7 60 35 6 40 89 45 88 10 21 16 84 67 71 55 44 80 47 27 32 68 96 78 66 63 4 76 
29 46 27 20 48 56 78 18 7 31 80 50 4 17 62 52 41 82 9 90 51 79 38 66 40 69 97 96 75 30 68 37 76 32 89 47 44 59 98 83 16 6 63 36 53 43 23 99 35 77 42 19 67 22 64 45 39 25 13 93 54 88 94 61 12 70 74 71 49 86 2 92 85 57 10 72 58 24 55 3 34 8 5 33 14 28 100 26 15 21 84 95 81 60 1 11 65 87 73 91 
90 38 60 58 5 76 64 79 36 84 39 13 22 14 41 18 83 44 59 24 94 93 37 100 31 78 97 3 51 32 49 73 30 89 72 15 81 68 20 28 65 69 4 92 25 52 19 23 86 63 82 80 54 56 16 77 99 2 17 6 96 42 43 71 33 62 66 55 57 75 48 29 46 7 47 11 12 70 10 9 95 34 85 98 87 45 88 61 35 40 53 74 67 21 91 50 26 8 27 1 
2 17 67 47 7 75 6 40 99 10 95 18 15 60 79 34 83 27 8 32 14 53 12 100 5 61 36 3 26 23 57 77 92 43 50 4 94 98 70 1 11 80 41 84 48 19 51 97 74 22 35 63 39 62 65 16 21 58 88 13 45 71 42 73 69 64 55 33 81 25 37 44 91 78 90 46 82 28 49 93 76 66 31 54 86 24 89 29 38 59 96 56 9 87 85 20 30 68 72 52 
81 33 96 20 56 66 79 77 58 25 59 94 93 30 85 73 100 82 36 3 80 14 53 67 16 68 76 51 71 46 10 74 8 99 1 29 42 21 27 34 24 7 78 92 47 70 87 57 17 32 15 55 98 72 31 64 95 50 19 9 13 86 12 26 37 88 11 28 52 62 75 43 38 49 89 97 45 39 6 48 63 65 44 91 41 5 84 90 54 4 83 35 2 60 18 22 40 23 69 61 
2 88 85 22 59 78 19 54 28 95 80 81 38 21 69 90 47 40 91 48 72 12 43 58 31 41 52 6 64 71 14 73 30 7 1 33 97 77 20 51 4 83 62 27 26 53 60 18 89 84 50 32 65 15 57 92 10 45 36 67 99 63 100 96 25 29 56 42 35 87 94 23 17 70 98 24 55 86 37 79 44 39 16 8 13 66 68 61 11 82 93 3 46 49 74 75 76 9 34 5 
50 43 55 22 86 75 19 84 96 4 47 27 37 57 95 53 81 64 90 61 78 30 31 45 76 71 82 40 26 12 11 93 39 34 7 67 33 85 2 94 65 32 51 70 99 38 80 15 18 36 87 54 21 66 77 73 49 16 74 8 72 25 56 91 48 60 42 98 41 24 52 97 68 3 69 79 58 13 29 62 6 5 17 35 63 44 92 88 20 10 89 59 83 23 28 46 1 9 100 14 
29 79 41 59 47 83 38 35 75 15 23 8 45 94 71 70 74 98 81 48 78 16 9 37 5 20 44 100 68 19 89 80 64 28 42 36 10 14 32 82 57 61 72 34 46 86 85 62 66 63 18 26 2 17 65 25 22 67 53 52 97 6 40 91 58 39 55 7 1 21 13 56 24 12 27 49 96 4 54 88 92 33 60 3 93 95 87 11 30 50 31 99 73 51 43 90 77 76 84 69 
19 71 13 88 77 15 86 37 40 89 57 34 90 64 42 81 83 11 36 10 44 16 4 20 92 82 62 75 73 9 1 69 18 91 54 30 32 74 84 31 49 70 79 48 61 5 87 80 8 25 39 43 60 53 14 66 100 22 33 51 38 78 68 17 21 52 12 96 2 7 58 28 47 67 45 98 55 46 27 3 59 99 23 72 97 94 29 35 93 76 85 6 56 63 50 41 24 26 95 65 
51 12 56 52 11 62 21 41 44 3 39 97 33 68 15 72 95 100 31 63 66 42 32 65 92 60 45 90 49 64 70 94 74 24 34 53 29 80 46 9 67 13 18 8 40 84 10 25 73 20 27 5 48 55 19 98 83 35 99 2 50 28 14 17 76 43 85 37 30 36 23 89 96 77 69 59 82 57 71 75 91 88 78 81 47 54 58 7 16 79 93 87 26 6 61 86 4 38 22 1 
30 74 13 84 32 82 56 63 73 71 40 9 90 24 8 50 20 55 12 26 34 86 100 3 1 80 75 19 54 15 41 72 67 88 45 91 77 6 29 99 61 21 25 52 62 35 59 17 36 78 16 39 43 7 70 37 48 22 10 66 81 65 69 11 83 2 79 49 95 97 94 92 38 53 57 93 31 68 47 98 44 87 33 51 42 89 64 23 96 14 5 85 46 4 58 28 76 60 27 18 
1 59 21 61 64 65 37 73 38 100 80 54 8 49 6 75 13 19 57 33 89 51 50 60 34 86 88 66 81 31 55 90 12 5 70 46 93 14 20 42 16 32 56 77 48 83 22 76 24 91 44 68 29 69 71 87 39 30 10 11 84 72 62 99 53 82 92 2 79 25 63 4 52 58 17 45 26 23 94 28 43 18 74 40 97 9 96 67 7 98 3 41 78 85 36 95 35 47 27 15 
62 81 26 51 3 28 100 79 77 29 94 36 58 70 44 14 40 90 31 87 8 42 35 97 21 82 37 18 59 88 46 12 23 89 56 9 24 54 67 69 48 52 73 27 49 74 63 86 25 19 38 99 78 17 5 95 72 22 47 43 30 11 92 96 20 71 93 55 83 32 34 13 65 85 66 60 6 68 64 80 98 16 45 10 75 84 50 15 61 53 33 39 7 4 76 2 41 1 57 91 
86 18 17 5 98 59 69 11 29 70 67 40 55 37 38 74 15 26 24 41 96 97 54 44 28 2 50 75 65 3 80 31 19 10 1 72 87 51 46 36 90 82 25 42 81 61 7 83 95 57 79 22 52 66 62 35 30 58 77 92 84 21 100 9 20 53 47 71 12 88 91 60 45 33 23 63 4 78 89 99 6 94 68 32 48 49 8 34 76 73 27 39 13 85 93 16 56 64 14 43 
73 24 46 68 80 71 13 83 12 98 33 93 92 29 63 23 62 5 30 59 72 84 54 35 20 7 27 42 50 15 14 9 19 4 79 34 86 44 58 2 43 91 99 45 38 76 100 6 65 17 8 61 25 95 56 16 32 10 52 87 96 89 37 70 97 48 67 1 82 74 94 64 51 66 85 60 75 41 47 3 53 88 69 39 21 40 36 78 22 55 81 18 49 26 90 31 57 11 77 28 
47 67 91 20 94 31 65 82 32 19 90 43 89 11 9 10 36 38 72 85 44 75 95 6 52 78 33 14 2 70 58 64 24 96 99 69 35 18 59 29 45 28 53 22 13 12 15 23 71 62 83 27 55 48 51 87 76 49 26 8 34 92 3 50 57 42 40 68 84 97 66 81 77 41 7 37 74 56 16 21 46 4 39 61 93 30 80 5 86 17 73 63 54 79 25 98 100 1 60 88 
91 97 82 29 11 64 24 42 57 3 48 47 69 56 100 79 5 31 39 94 63 96 38 58 53 14 68 13 45 16 1 41 92 89 98 37 18 76 43 85 70 33 62 67 83 49 9 51 8 4 27 26 36 40 77 99 20 10 65 66 25 34 90 46 75 21 17 73 52 86 88 72 80 78 19 7 59 74 23 6 2 50 22 81 93 87 35 12 71 28 95 32 60 44 61 55 15 54 30 84 
47 8 77 69 33 99 83 37 75 28 74 6 80 81 35 16 42 17 14 97 39 70 58 51 3 85 93 66 67 92 22 100 57 95 24 40 7 11 13 96 84 49 20 87 25 52 89 15 45 55 91 65 73 76 59 36 26 23 68 38 64 2 48 18 27 9 30 34 78 94 60 62 21 31 44 79 54 82 1 88 43 32 5 10 41 63 72 71 53 56 50 12 86 90 46 61 98 29 4 19 
4 82 11 96 76 46 84 45 89 27 17 75 39 73 88 38 5 10 35 49 98 20 78 79 68 60 16 6 51 29 64 12 57 93 72 54 94 19 22 9 47 31 65 83 97 3 87 70 61 92 62 74 90 67 58 66 52 59 42 26 63 86 14 50 25 99 7 32 15 33 44 8 55 41 2 71 48 80 1 69 100 81 43 34 13 40 24 53 91 36 28 56 30 18 37 77 95 21 85 23 
31 54 41 19 73 49 25 40 46 55 89 86 32 68 84 60 80 38 20 35 99 6 7 94 53 87 83 14 64 13 66 27 52 90 30 45 11 70 58 48 34 2 26 44 81 63 97 3 33 50 23 28 12 74 82 71 10 18 65 47 67 4 56 92 9 17 91 5 39 8 21 77 79 85 29 76 62 61 42 95 51 15 100 37 36 98 1 96 93 16 24 22 43 78 72 75 59 57 88 69 
46 55 15 93 2 64 86 11 29 71 82 81 52 43 36 65 60 41 39 84 90 75 80 62 66 32 9 97 17 98 48 33 63 38 14 42 28 88 10 56 1 99 68 54 69 3 34 58 73 57 76 72 79 37 25 51 53 92 95 31 91 89 96 83 85 7 78 20 4 70 6 44 26 100 35 5 24 67 77 23 19 61 18 49 16 22 59 47 21 27 12 40 30 87 74 50 8 94 45 13 
81 31 95 19 23 3 24 55 33 37 20 29 43 90 94 56 67 28 11 17 91 32 21 97 30 93 68 69 10 53 16 76 75 87 15 60 40 12 1 4 51 88 72 54 25 47 27 50 59 62 85 98 77 100 44 46 8 6 58 42 52 61 22 14 86 65 64 7 36 63 78 83 18 66 96 74 79 5 34 89 13 82 45 70 41 9 71 38 84 48 35 99 2 39 92 80 57 73 49 26 
34 83 8 61 78 67 97 43 75 47 84 4 25 60 55 37 2 48 59 85 32 99 17 52 73 89 36 92 39 62 13 3 9 94 64 42 35 74 18 95 7 56 10 24 23 15 31 29 93 22 1 65 44 12 70 30 26 88 76 50 77 53 45 20 68 91 41 80 21 46 14 96 57 69 28 79 40 63 87 33 72 11 27 90 6 98 86 58 54 81 82 19 66 38 71 100 51 5 49 16 
19 27 45 57 56 55 36 37 11 32 68 26 89 38 74 66 87 97 67 49 4 1 8 16 6 47 39 61 28 51 70 75 50 71 94 21 78 86 25 13 44 40 29 62 77 53 34 2 9 98 30 43 83 96 7 82 3 69 84 63 42 93 72 58 31 95 54 48 59 14 10 64 99 23 18 41 88 90 73 52 35 85 24 22 76 33 15 17 81 65 79 100 80 91 46 5 60 92 20 12 
23 1 5 79 69 86 7 99 77 25 39 17 60 97 70 22 95 47 61 37 98 59 15 73 78 51 8 3 90 18 11 32 28 21 63 75 54 9 55 56 96 66 4 29 81 34 92 2 36 64 100 67 58 88 24 20 72 48 6 68 80 50 45 14 27 43 40 85 46 42 35 71 94 53 84 41 30 52 82 57 31 65 10 13 33 93 12 38 49 91 74 62 87 76 89 26 83 19 16 44 
46 88 38 1 67 95 59 33 41 22 42 92 30 63 45 77 68 29 53 54 14 13 89 60 75 21 20 18 76 80 43 93 52 28 15 94 70 51 99 64 19 7 81 37 100 82 62 97 71 73 91 35 96 84 5 49 39 17 86 31 6 78 12 79 34 55 4 23 66 56 40 69 72 16 83 90 25 44 65 61 98 74 11 48 58 10 57 26 32 8 24 2 85 87 36 47 27 9 3 50 
22 78 39 57 51 10 94 87 2 59 50 48 27 71 41 25 75 8 35 61 20 81 29 7 31 92 6 70 97 5 36 19 24 16 72 17 68 45 18 91 93 84 89 26 33 37 54 9 12 28 77 80 58 64 15 53 1 83 52 34 67 95 86 73 60 98 55 63 66 96 47 56 69 44 11 82 4 21 76 62 38 49 13 32 99 23 79 88 46 30 100 14 65 3 42 40 43 74 85 90 
64 94 91 82 39 69 96 57 89 13 46 25 72 66 2 73 33 20 93 8 85 42 59 100 45 84 80 11 61 98 74 5 23 30 15 97 50 37 88 92 65 62 32 21 43 40 55 27 56 49 31 58 83 78 79 44 17 26 81 38 60 7 70 29 54 12 9 47 14 95 34 77 1 48 53 68 90 76 75 52 22 99 63 71 4 28 10 18 16 35 86 19 6 3 67 87 51 41 36 24 
2 75 23 52 60 80 97 66 56 89 32 39 64 91 67 31 85 42 73 70 79 87 10 36 48 54 96 69 17 5 92 88 37 6 71 78 21 74 1 25 29 55 11 94 77 8 57 7 15 50 12 24 16 93 14 90 45 62 49 99 13 41 9 43 83 86 46 59 33 20 63 30 19 61 82 44 84 40 34 26 47 22 68 27 18 98 28 51 4 81 53 95 72 3 65 35 58 100 76 38 
30 89 44 8 97 64 3 65 61 14 20 28 43 85 63 80 39 56 24 15 54 60 50 45 94 59 98 76 48 83 9 99 40 34 52 90 26 91 78 4 36 35 29 22 33 23 49 25 82 10 32 62 38 88 58 46 74 96 81 69 57 13 42 41 5 92 19 77 79 1 53 84 27 95 55 86 75 73 17 51 31 47 72 2 21 12 16 11 66 93 70 68 87 71 7 100 6 37 67 18 
87 39 63 91 7 90 72 32 1 4 10 60 51 17 85 48 84 23 57 43 40 79 11 6 95 98 93 74 47 41 76 69 49 36 89 58 65 61 26 28 68 97 96 78 53 94 71 5 42 56 35 27 13 81 100 86 12 52 45 82 80 83 14 50 33 29 54 62 99 18 73 38 9 64 24 30 19 31 34 92 67 46 25 15 66 75 55 16 21 2 20 44 77 70 88 3 22 8 37 59 
60 89 34 51 24 2 62 50 90 29 67 65 75 57 44 96 7 93 55 18 28 21 68 43 56 53 19 46 39 35 63 41 95 85 94 97 45 58 81 1 8 4 5 80 23 42 6 31 11 86 25 48 17 3 12 40 13 30 16 98 74 9 22 69 71 54 72 87 59 100 64 79 91 73 77 15 52 76 82 92 47 14 78 66 38 83 26 20 10 49 88 61 36 99 70 33 32 27 84 37 
39 76 87 56 17 86 9 4 19 66 1 90 45 64 21 63 25 3 44 22 37 97 52 74 41 6 7 28 81 13 57 73 84 12 15 38 72 14 53 89 88 11 93 40 34 35 18 62 83 82 69 54 2 58 47 98 8 68 70 91 10 49 77 20 61 30 48 59 85 60 92 99 26 96 29 33 100 32 67 51 36 24 95 43 55 46 50 31 5 23 78 79 27 80 75 65 16 42 71 94 
33 29 53 39 67 56 10 98 65 19 40 87 83 18 49 15 91 68 26 6 66 7 38 37 4 93 77 1 13 52 48 20 47 92 96 45 27 86 32 82 80 74 22 61 25 46 88 84 24 99 95 73 12 69 64 31 5 30 54 23 94 21 9 8 89 62 100 44 11 2 70 75 41 90 85 71 14 42 81 76 59 60 16 51 50 57 79 28 58 34 78 72 35 17 63 3 36 43 97 55 
24 7 27 1 21 40 13 79 80 35 29 31 23 17 2 48 53 39 100 76 73 25 89 37 58 46 47 66 22 62 42 4 98 95 90 54 67 9 45 5 32 91 26 84 69 8 41 33 10 75 63 49 64 87 97 81 36 72 74 82 15 59 18 99 30 86 6 65 94 78 3 11 88 16 83 57 50 51 71 61 77 12 92 68 19 20 52 34 28 43 38 55 93 14 56 44 85 60 70 96 
6 44 1 36 70 73 24 38 23 29 51 42 96 20 25 8 35 31 32 52 43 76 41 39 90 82 21 33 80 49 74 85 88 12 47 91 58 3 27 97 68 19 26 93 95 5 48 67 4 83 40 50 56 86 11 75 37 30 89 7 62 77 87 55 94 57 45 10 61 100 22 63 46 14 64 18 65 28 59 92 15 16 69 66 54 71 60 34 53 2 99 84 13 79 9 81 78 98 72 17 
5 24 72 81 93 1 59 19 37 8 2 97 32 54 6 55 46 74 91 43 25 61 35 34 23 47 80 22 69 12 20 30 57 70 75 17 4 52 94 84 33 62 29 44 95 45 89 63 51 83 40 50 53 21 87 96 66 58 48 73 67 26 56 3 100 7 64 16 18 41 92 88 11 77 28 78 85 9 38 49 15 10 86 65 98 36 71 31 79 82 27 60 14 99 42 68 39 76 90 13 
77 43 70 11 34 42 14 97 28 76 19 58 45 33 18 86 12 71 96 22 81 84 24 60 52 49 83 9 69 35 13 30 57 20 7 94 59 25 32 66 6 100 99 53 39 23 87 64 89 40 90 26 44 73 54 85 48 74 36 16 91 21 41 1 93 8 78 55 98 15 82 95 5 80 10 72 38 50 29 2 37 88 67 65 63 31 79 92 75 51 4 68 61 3 56 47 17 46 62 27 
83 1 67 3 5 2 29 80 75 33 45 43 53 48 50 64 14 49 56 63 21 54 22 38 9 79 30 69 76 41 28 52 10 8 36 55 77 60 99 42 57 16 100 71 58 15 37 6 31 27 32 88 18 34 78 95 86 85 47 65 94 70 98 61 66 44 87 82 26 84 4 23 74 20 12 24 72 17 46 35 13 19 51 90 11 40 91 68 81 93 97 73 96 62 25 39 89 59 92 7 
98 45 74 3 91 82 19 34 9 29 49 37 100 28 87 35 54 44 61 6 23 86 4 38 83 32 96 43 21 40 75 57 72 2 92 68 8 67 55 24 70 10 63 31 77 25 90 36 30 73 81 27 41 62 69 94 71 42 78 12 64 79 13 76 22 88 48 93 17 85 84 20 26 95 46 89 50 66 11 16 53 80 52 51 58 65 59 56 33 60 5 14 1 39 47 7 15 18 99 97 
39 10 48 40 44 69 95 73 13 66 56 22 50 17 24 89 74 58 68 79 33 81 18 60 92 2 11 32 86 76 62 46 8 30 12 75 25 6 3 97 29 57 54 43 93 91 45 80 53 35 37 7 4 98 100 20 42 23 77 67 19 9 5 52 26 27 90 59 64 49 94 1 47 55 85 41 83 51 61 21 65 72 84 34 71 63 36 99 15 96 31 70 38 16 14 87 78 28 88 82 
30 5 89 72 11 32 39 35 42 43 25 31 29 7 94 55 53 28 16 51 18 77 15 91 66 100 88 80 78 83 24 46 19 14 41 98 37 45 36 21 59 74 44 20 17 49 81 38 3 56 99 40 73 50 52 69 86 57 4 12 95 97 63 92 34 87 75 64 10 61 65 8 33 60 82 96 27 58 71 84 6 47 90 93 2 22 70 68 85 48 54 23 76 62 79 13 9 67 26 1 
10 1 41 21 52 32 9 81 46 74 93 24 56 28 13 3 69 73 87 80 40 53 96 27 59 91 57 20 54 89 95 51 92 98 6 100 86 35 70 76 38 12 68 77 71 5 19 58 67 84 66 49 65 25 44 22 75 39 17 23 14 88 31 64 11 29 50 72 43 60 18 90 78 33 7 34 36 26 83 48 94 2 85 55 99 45 8 47 79 37 16 82 97 61 62 42 4 63 30 15 
7 67 61 100 97 22 85 66 12 23 91 2 68 19 20 44 11 30 70 56 78 39 95 28 34 57 14 88 83 3 42 15 21 62 9 6 64 72 99 24 29 71 49 38 17 33 13 93 96 51 81 58 4 63 5 32 76 26 48 46 55 87 41 27 10 75 79 36 90 50 92 25 59 43 86 54 45 1 31 69 73 16 60 8 52 37 98 74 84 18 82 40 80 53 47 35 94 89 65 77 
71 79 13 53 75 99 33 42 27 74 35 1 77 4 15 72 38 8 65 92 20 52 95 88 29 46 49 85 47 41 76 18 91 80 69 84 86 87 61 93 97 57 100 37 70 64 73 58 28 78 82 30 67 45 19 23 2 56 62 11 12 59 44 63 22 98 36 26 81 60 96 5 90 14 31 10 3 21 39 6 94 66 25 7 9 83 43 40 34 55 48 51 24 54 17 16 50 68 32 89 
32 75 74 31 6 43 55 88 40 44 89 71 78 62 66 82 34 61 13 21 91 22 10 15 49 1 56 94 73 26 45 84 54 70 87 69 35 85 65 27 11 83 29 95 30 86 81 46 60 67 14 57 59 24 98 51 52 72 3 2 76 16 92 38 8 79 33 41 100 20 50 37 48 28 7 42 23 64 5 36 99 18 58 80 96 47 25 93 97 90 68 17 9 4 63 39 53 12 77 19 
76 99 7 36 89 65 64 82 11 87 12 56 97 10 38 73 49 39 53 52 55 6 5 41 15 30 20 40 83 93 17 88 43 32 8 70 47 90 80 46 77 1 2 86 98 91 19 31 35 63 72 42 60 92 14 3 13 48 22 33 61 79 16 4 21 9 57 51 81 25 37 94 50 54 58 78 28 66 71 26 67 75 96 69 85 68 29 84 44 59 62 45 24 100 18 27 74 95 23 34 
59 58 94 28 40 19 20 51 48 52 29 87 65 88 82 3 91 55 31 99 12 57 21 41 54 45 100 50 71 70 61 53 18 64 30 27 2 80 7 69 39 32 34 25 75 15 9 68 60 97 93 62 42 85 81 35 56 23 67 79 46 77 78 4 5 84 92 36 95 8 44 72 76 96 49 83 66 89 26 86 33 47 43 14 17 38 13 90 37 16 24 1 11 22 73 6 98 74 63 10 
73 76 26 31 80 20 100 81 84 4 11 92 3 83 71 16 47 68 21 48 85 6 98 7 64 82 62 45 54 42 14 69 65 67 75 24 41 55 36 32 94 13 30 77 59 10 46 90 35 12 99 29 58 53 9 57 27 39 89 66 51 34 44 93 74 18 60 2 96 49 8 15 95 78 61 28 23 72 43 19 40 70 87 88 86 91 50 5 37 1 38 33 25 22 56 17 79 63 52 97 
78 60 30 89 87 23 3 51 68 21 58 82 94 64 1 37 24 22 84 99 54 83 18 91 97 19 76 63 79 96 13 35 77 67 57 62 98 9 42 39 93 95 47 2 34 74 17 32 14 20 50 27 16 12 59 85 92 90 100 80 71 44 26 55 72 10 53 65 8 43 66 61 5 45 75 25 52 29 31 46 4 40 48 69 38 81 56 36 86 33 15 73 6 49 7 88 41 28 11 70 
65 16 100 44 67 30 28 46 10 88 23 15 20 1 91 81 71 61 94 21 50 17 45 35 2 32 96 22 72 4 52 38 79 51 34 73 60 99 64 74 5 59 76 78 68 33 66 25 57 93 39 7 87 6 24 53 18 85 56 43 70 48 41 37 47 14 86 62 82 69 3 26 13 54 63 12 8 83 31 77 27 55 84 89 36 95 40 11 92 19 90 49 98 97 9 75 80 42 29 58 
13 37 22 69 7 6 44 32 71 21 91 98 27 25 95 77 42 79 58 51 38 10 74 82 85 35 70 34 31 59 66 15 19 96 17 76 39 3 8 43 72 36 5 61 68 53 52 14 64 28 73 78 56 2 75 40 46 100 16 60 99 97 11 24 54 62 50 29 80 55 12 20 94 83 65 81 45 88 41 67 23 26 1 30 33 48 89 86 87 18 57 49 4 63 92 93 90 84 9 47 
69 14 56 22 74 50 8 4 26 45 20 61 44 96 53 24 83 59 55 85 29 31 1 70 23 28 73 38 58 79 78 40 66 71 18 32 19 92 67 7 30 100 94 93 68 75 87 86 25 80 5 51 34 72 77 48 65 39 76 41 10 46 91 16 64 52 33 2 54 17 99 49 90 95 13 3 47 62 27 12 9 98 36 57 81 97 15 35 89 42 6 88 60 37 11 43 82 63 84 21 
53 81 41 36 43 89 54 97 24 29 61 12 65 20 32 80 37 42 11 67 100 86 13 40 73 5 83 69 38 78 19 52 16 94 98 17 46 10 96 34 68 50 99 77 88 6 33 79 22 56 75 76 8 9 15 18 72 58 82 26 27 84 60 59 51 48 25 85 14 3 66 49 30 93 92 55 23 70 44 63 39 64 47 57 28 1 35 4 62 90 7 71 87 2 95 45 91 21 74 31 
10 57 59 4 71 83 91 27 90 75 20 9 16 60 97 45 48 17 1 78 11 24 26 81 2 51 6 47 68 95 28 80 44 12 37 30 14 56 29 7 43 77 46 35 34 33 52 86 64 50 55 63 15 25 5 96 62 3 85 82 8 79 19 70 58 98 76 99 66 23 38 88 72 65 49 94 93 54 36 42 92 73 22 87 40 13 53 84 67 31 74 61 100 21 41 18 39 32 69 89 
83 87 81 58 42 24 91 90 25 52 50 74 59 94 72 76 47 46 45 22 20 55 43 28 78 84 79 34 40 14 54 67 8 1 7 96 89 82 73 80 5 62 56 51 75 86 53 27 66 44 77 11 16 2 85 12 21 15 4 30 68 26 36 100 31 65 19 37 71 93 3 92 95 32 63 29 64 49 23 98 99 70 69 6 33 38 60 39 10 35 18 13 9 97 17 48 88 41 57 61 
44 58 22 2 70 62 33 17 47 54 31 55 84 11 91 42 5 23 19 68 95 75 79 8 59 37 52 89 87 80 71 34 77 30 66 96 97 63 57 50 4 36 74 78 41 83 16 20 18 3 46 67 65 51 38 9 39 90 15 73 26 25 1 6 60 48 94 49 69 88 56 40 76 92 29 61 24 10 45 35 98 32 72 13 82 81 99 28 27 64 100 21 43 14 93 85 12 53 86 7 
89 37 45 47 43 61 11 65 92 87 29 80 34 38 52 31 74 22 73 39 24 98 81 44 85 56 25 48 26 42 55 70 3 20 54 12 15 17 63 40 59 67 93 10 95 41 8 72 49 64 75 99 16 79 2 62 51 96 77 91 28 14 84 19 78 35 50 76 90 82 18 27 53 100 58 30 60 68 69 57 33 94 83 66 71 23 97 5 21 88 46 4 32 7 1 6 86 36 9 13 
56 39 48 36 27 26 97 3 8 31 15 63 53 52 43 100 78 47 61 23 89 40 44 2 49 17 71 92 72 83 80 64 66 60 99 20 7 70 79 94 57 46 35 24 65 4 1 58 50 11 77 45 69 6 30 19 37 34 86 84 9 13 21 55 82 25 33 90 91 74 93 51 5 22 81 12 62 28 75 10 88 38 54 68 85 41 32 29 42 95 76 14 67 16 59 87 18 73 98 96 
41 96 4 61 57 91 73 95 22 79 33 31 45 87 43 92 36 86 39 67 59 47 13 26 40 72 60 20 58 50 77 35 32 3 62 71 16 30 17 10 27 19 2 56 9 64 11 69 53 25 23 15 21 54 49 8 37 68 28 44 6 85 5 1 83 51 46 18 78 88 24 29 74 12 99 89 48 75 66 70 98 84 63 34 82 100 7 52 94 55 14 90 65 42 80 38 76 93 81 97 
11 6 32 30 92 63 98 62 54 72 52 35 15 97 95 14 83 24 89 79 43 96 28 1 67 19 51 37 88 9 78 41 20 8 33 66 23 56 36 29 93 55 75 34 68 44 5 4 94 77 12 21 69 73 76 87 58 50 26 42 13 70 49 22 80 59 82 61 2 84 99 85 25 74 18 27 16 57 7 46 71 48 65 31 100 90 39 3 40 91 38 64 81 45 53 86 60 17 47 10 
4 22 72 78 40 2 70 85 71 8 1 75 62 98 20 84 86 82 90 100 16 31 61 18 95 80 42 15 43 11 12 5 73 25 9 63 68 13 91 38 30 14 74 89 48 56 47 17 93 27 29 41 10 3 28 55 64 83 54 24 26 32 96 37 92 58 6 87 97 45 39 59 46 44 94 81 57 79 50 66 36 69 99 23 33 77 49 19 88 52 65 60 67 76 53 7 51 35 21 34 
9 38 63 21 36 2 7 56 58 78 85 60 61 4 64 93 52 30 29 76 35 67 68 34 22 54 32 3 33 73 13 96 14 27 40 51 17 65 46 74 57 41 94 59 50 92 80 43 79 100 16 62 47 31 6 45 26 66 71 83 25 81 24 55 77 11 69 10 48 5 87 18 70 1 39 19 53 75 84 12 44 89 86 72 95 42 88 49 28 23 15 20 99 82 37 8 97 98 91 90 
2 19 64 94 45 66 25 69 13 86 4 54 15 24 22 73 32 90 34 57 87 81 61 27 63 23 14 20 99 76 11 77 52 89 1 26 96 92 28 95 70 67 35 100 71 46 80 78 43 58 18 6 36 41 84 68 65 38 30 9 97 49 16 74 17 48 91 40 85 8 7 33 51 75 37 53 88 50 83 5 82 59 60 31 3 55 56 39 29 79 98 12 93 47 62 72 44 42 10 21 
79 29 43 96 87 13 19 64 22 10 40 34 52 26 51 85 60 57 31 70 63 86 25 2 74 77 42 78 37 30 27 24 73 59 11 83 65 14 9 53 88 18 47 23 95 46 12 90 81 92 1 72 49 58 80 17 75 35 32 33 20 91 93 41 84 15 44 76 68 50 5 6 69 66 3 36 98 61 38 67 55 8 54 45 39 99 7 16 94 21 48 71 97 82 28 89 56 100 4 62 
11 66 1 42 16 30 32 85 70 36 6 48 41 73 87 65 75 51 23 61 4 64 2 52 98 79 77 35 49 9 18 53 78 60 80 12 43 59 67 38 7 100 44 95 62 31 24 3 83 25 34 33 47 93 71 88 26 86 74 94 72 68 96 90 14 29 99 13 5 10 46 82 57 97 55 17 50 37 28 15 84 81 39 58 76 91 92 45 20 21 8 22 27 63 40 56 89 19 69 54 
18 7 68 6 82 36 2 17 22 98 45 60 95 27 75 63 85 48 5 64 35 76 8 79 33 91 90 28 77 24 61 40 58 15 80 38 46 42 96 93 47 23 39 43 57 37 83 16 19 81 13 59 52 71 72 56 92 50 14 73 70 99 62 21 53 74 88 10 31 1 97 12 78 11 87 49 55 67 4 41 34 25 30 3 20 66 86 65 84 94 9 54 29 32 44 89 26 69 100 51 
3 58 1 55 7 42 98 12 97 69 25 48 90 33 100 27 85 26 46 30 86 73 82 10 6 59 45 44 9 64 70 22 14 8 91 49 81 89 17 99 79 37 84 62 16 36 11 88 76 31 80 51 41 24 34 83 19 75 5 77 65 93 20 4 32 66 57 95 43 40 74 54 39 15 67 2 21 50 61 38 18 28 63 56 96 87 47 92 60 35 53 13 94 78 72 29 23 68 52 71 
10 36 83 25 73 67 13 77 46 90 23 92 39 9 93 62 20 1 34 85 2 70 84 79 57 47 59 30 21 96 27 40 56 19 31 58 81 26 63 37 75 38 52 28 24 69 98 48 15 66 16 4 80 74 55 88 8 22 33 91 18 32 49 100 51 64 45 6 61 60 14 5 65 82 87 44 50 86 42 7 41 43 78 89 17 94 99 35 12 95 29 3 54 72 71 97 11 68 53 76 
11 52 21 59 39 47 65 56 88 25 67 15 8 69 26 44 66 85 70 54 64 84 76 36 97 71 13 28 83 9 100 1 82 80 46 33 99 79 51 96 49 17 34 12 94 92 68 60 38 87 18 16 50 86 14 23 20 61 58 73 90 77 89 41 22 62 45 3 29 55 19 4 42 40 78 57 98 31 53 32 37 6 75 35 24 72 30 48 5 7 2 10 63 27 43 74 95 93 91 81 
69 77 8 87 30 66 83 16 24 4 88 27 68 5 29 59 25 53 39 92 90 91 21 95 3 49 12 14 80 32 60 43 13 10 36 28 34 37 99 40 48 6 93 78 98 2 72 62 50 73 85 61 96 41 19 45 47 70 94 63 84 51 100 58 65 26 23 74 35 89 11 7 64 82 15 76 79 9 46 31 97 42 54 52 56 20 17 86 71 67 44 55 75 22 81 57 18 33 38 1 
39 37 27 7 32 47 84 5 87 96 81 65 77 36 82 69 56 17 95 9 34 12 3 8 78 99 61 10 97 43 59 22 80 75 90 4 52 6 20 55 86 41 13 33 2 70 68 72 76 57 44 60 42 35 51 26 28 49 21 14 31 73 66 24 30 83 38 23 50 98 40 19 25 58 79 46 62 54 1 29 93 53 91 48 67 15 89 45 88 100 11 92 71 74 18 64 63 85 16 94 
89 62 64 50 36 72 29 73 22 69 18 78 31 51 37 85 17 42 14 68 70 92 88 77 61 46 58 57 80 33 3 63 16 38 41 5 95 40 45 26 71 35 87 12 10 9 13 15 43 19 65 99 67 56 1 21 55 74 86 53 49 75 79 7 39 27 48 44 25 90 52 97 6 20 28 8 32 94 82 83 81 2 4 34 100 59 91 84 98 47 76 60 30 24 23 93 66 96 54 11 
85 57 61 75 37 9 60 64 47 67 65 50 36 62 13 31 72 71 79 45 90 55 77 52 5 89 49 15 93 69 88 99 39 92 43 24 80 7 82 83 28 33 51 95 86 40 11 48 76 32 34 68 17 44 30 70 10 56 53 25 18 94 41 3 14 2 27 81 98 12 87 26 91 54 8 73 42 21 59 84 96 78 46 20 97 35 6 29 4 1 38 66 19 22 63 23 58 74 100 16 
25 98 80 83 11 73 7 62 61 77 86 3 69 44 4 18 89 100 91 20 68 63 14 59 21 74 48 16 36 13 99 2 9 29 5 32 70 10 78 30 93 92 75 52 39 60 6 50 85 66 67 31 55 43 37 94 28 22 72 95 56 33 65 54 41 90 82 45 53 19 81 24 87 40 47 15 1 84 35 76 57 97 8 34 27 17 51 26 96 58 88 71 12 64 49 38 42 79 46 23 
64 47 28 16 57 6 75 1 58 48 36 27 73 34 71 61 43 80 60 95 22 85 35 98 8 4 79 12 13 82 24 62 37 19 92 41 96 11 23 77 97 84 88 20 26 68 32 93 99 3 67 65 89 10 86 100 45 30 52 40 90 83 44 42 91 46 70 31 55 56 15 74 87 54 49 69 51 33 39 66 17 50 78 53 2 29 9 14 5 38 7 76 63 18 21 81 59 72 94 25 
73 60 74 79 7 66 92 26 87 65 8 18 63 70 78 100 45 91 58 41 16 2 9 13 68 37 32 21 75 31 76 1 53 42 71 51 62 48 96 29 39 12 56 46 11 99 19 98 90 97 59 3 95 28 94 72 77 5 38 22 89 17 81 85 49 20 67 84 24 14 10 69 33 30 52 47 4 54 23 27 57 40 88 50 83 15 35 36 93 25 86 80 6 55 82 64 44 43 61 34 
88 85 90 39 2 37 78 67 65 59 91 9 32 5 38 62 72 46 54 43 33 74 7 45 95 31 77 4 41 34 73 70 17 36 51 81 97 57 63 16 8 27 68 96 24 18 26 82 53 30 47 1 55 87 10 14 71 23 40 98 6 89 19 15 92 66 61 99 64 84 83 75 12 25 56 35 58 76 21 48 22 100 29 60 3 49 42 69 52 20 13 94 93 44 80 86 28 11 79 50 
58 48 63 5 87 42 94 95 33 50 76 68 80 11 99 4 91 9 40 70 20 100 31 90 41 26 45 29 22 86 69 10 38 3 66 62 25 24 56 52 65 83 21 84 89 43 88 97 16 74 98 23 54 28 19 15 93 30 78 81 53 61 17 44 7 13 57 34 59 64 8 55 12 47 51 32 72 73 37 77 85 36 71 79 75 39 6 2 96 35 49 18 14 1 82 67 27 46 60 92 
35 21 72 22 38 87 74 92 89 5 99 52 30 33 88 42 100 85 68 43 49 53 86 77 2 16 24 66 51 73 71 10 39 76 91 93 1 90 46 34 45 95 83 75 78 6 26 96 40 57 8 12 79 62 70 81 11 25 69 80 36 48 65 63 61 84 29 3 9 32 47 50 56 20 60 55 44 31 13 97 94 41 27 58 82 17 28 64 14 18 7 67 98 23 59 15 37 19 54 4 
14 4 43 70 48 53 24 49 37 13 12 99 40 63 5 60 59 28 90 56 44 18 30 25 85 86 82 2 16 89 88 54 92 22 75 74 34 9 1 84 8 42 17 32 95 73 15 80 38 47 21 91 62 58 94 45 33 78 100 41 50 72 26 83 52 96 65 29 6 10 68 55 87 64 57 76 19 11 7 66 46 36 51 98 97 67 20 69 71 79 81 61 93 77 35 3 31 39 27 23 
42 69 19 28 87 24 79 71 65 49 33 61 36 72 52 26 86 99 97 90 29 4 15 75 58 96 8 16 41 7 51 46 39 6 13 78 47 2 100 5 10 38 91 25 81 66 18 59 73 82 3 92 40 63 14 22 80 23 64 84 67 93 48 88 37 53 55 1 35 74 98 44 34 62 9 27 56 68 89 54 43 83 30 95 70 12 60 20 31 76 21 17 77 85 50 57 11 32 94 45 
6 74 20 19 96 37 13 94 90 27 60 54 35 41 43 81 22 52 29 1 34 32 76 92 33 10 42 15 83 23 36 80 49 31 50 66 24 75 99 77 47 45 61 65 7 86 25 56 70 51 30 98 64 57 59 84 28 73 95 11 68 40 39 71 53 26 18 100 62 97 55 63 58 87 69 93 38 78 8 21 12 3 44 89 9 85 91 5 82 46 4 17 14 79 67 88 48 72 2 16 
36 79 38 88 69 6 15 94 21 49 4 25 83 16 7 52 32 17 99 3 26 53 46 100 74 12 44 27 57 72 92 8 77 96 23 9 56 35 89 5 14 87 39 64 40 10 85 70 63 28 91 13 43 73 24 62 45 18 51 97 42 1 86 20 61 54 37 68 50 76 60 65 58 41 30 84 48 59 55 98 22 31 82 95 75 29 67 81 19 11 2 34 78 93 33 47 90 66 71 80 
90 36 11 77 78 32 81 73 34 21 62 95 82 3 16 10 2 33 42 69 60 15 72 79 88 31 67 64 63 49 40 46 86 66 43 59 1 87 14 48 24 51 18 56 45 65 53 28 80 57 61 76 93 91 27 13 9 68 37 89 39 94 22 25 7 50 8 58 44 12 85 35 99 52 47 54 20 74 96 19 71 23 97 41 55 26 38 70 6 92 100 83 5 84 98 30 75 17 4 29 
68 87 91 31 30 11 67 71 50 23 69 65 80 43 18 1 37 34 88 7 79 74 62 14 75 32 29 81 86 40 9 15 39 95 22 16 42 66 93 35 12 49 78 17 98 24 92 45 46 94 52 97 48 6 2 3 26 96 44 61 53 83 76 8 33 72 41 27 54 5 38 28 19 56 58 84 20 90 21 82 25 57 77 47 59 89 60 36 63 73 10 13 85 4 99 70 51 64 100 55 
15 7 79 31 84 60 29 71 32 9 33 20 36 28 53 49 54 10 73 77 4 55 83 91 23 72 99 51 66 39 37 30 75 70 82 78 56 69 57 35 11 24 27 97 22 3 19 14 18 81 50 68 38 85 61 87 89 21 43 46 47 8 74 25 13 16 1 67 58 12 92 63 42 80 96 26 2 59 90 48 44 93 52 94 5 17 34 98 6 40 86 62 100 45 64 95 65 41 76 88 
88 23 47 67 18 33 12 91 58 81 1 3 89 51 9 25 69 43 65 57 79 5 70 36 63 98 15 4 84 52 85 68 19 50 95 100 10 41 46 39 82 71 54 44 37 8 26 97 53 7 35 38 29 93 61 64 49 55 87 74 28 83 27 20 22 90 40 45 17 72 11 56 80 42 6 92 75 66 78 2 94 48 59 77 24 30 99 76 21 73 32 62 14 86 96 60 31 13 16 34 
75 30 67 53 32 22 88 87 38 69 44 37 59 19 85 89 47 20 42 23 39 95 57 61 10 6 16 14 91 46 41 36 7 96 66 31 84 17 86 52 56 55 93 33 28 12 48 54 90 99 25 26 18 27 35 70 94 13 65 71 68 97 82 11 81 43 5 15 45 72 3 49 9 74 78 4 51 24 76 60 92 1 40 62 73 63 64 29 83 21 58 98 50 2 100 79 77 8 34 80 
74 28 36 39 44 96 9 14 42 91 59 45 65 54 12 35 64 98 30 82 19 86 73 1 40 25 2 67 56 95 46 38 41 99 3 78 5 61 69 50 48 27 89 92 21 55 72 76 88 15 62 17 22 20 90 11 100 93 71 53 79 8 31 66 26 57 4 24 94 7 32 13 43 97 37 75 85 63 33 47 34 77 87 51 60 70 52 49 84 6 29 68 16 58 23 83 80 81 18 10 
