10 15 17 9 16 19 20 18 6 5 2 12 8 4 13 1 7 11 3 14 
6 17 10 15 14 2 13 4 5 7 9 1 19 3 8 12 20 16 18 11 
14 3 19 2 18 7 15 6 9 20 5 8 1 13 10 11 12 4 16 17 
18 19 6 12 17 15 16 7 20 1 13 11 8 14 9 2 5 10 4 3 
1 7 11 16 6 17 15 13 12 19 8 18 3 4 20 5 2 10 14 9 
19 16 13 20 6 5 9 14 10 17 7 12 2 1 15 4 3 8 18 11 
16 15 20 12 13 19 8 11 10 6 4 9 5 3 18 1 2 7 17 14 
10 3 7 13 4 8 17 2 16 15 14 18 12 11 5 20 19 9 6 1 
18 4 10 16 3 14 20 11 1 17 8 6 12 9 19 15 5 2 7 13 
12 14 10 9 13 15 20 8 3 19 1 11 18 16 2 5 6 7 17 4 
5 17 18 20 13 3 6 12 15 9 7 19 4 8 14 11 2 10 1 16 
6 1 17 2 16 9 15 7 18 13 10 14 20 12 19 4 11 3 5 8 
9 11 19 4 5 15 8 12 18 10 3 6 13 17 20 7 2 1 16 14 
4 12 16 9 2 14 15 7 20 11 3 18 17 8 19 1 6 13 5 10 
16 3 4 20 9 8 14 19 10 5 1 18 13 12 15 11 6 17 7 2 
2 18 16 6 12 11 8 3 9 19 4 17 10 14 1 15 20 7 13 5 
5 10 15 9 17 4 13 14 11 3 18 7 2 6 12 16 19 8 20 1 
13 18 3 7 5 10 11 8 16 17 12 14 19 4 9 15 2 20 1 6 
1 18 3 15 2 12 7 10 13 6 5 8 14 4 17 19 11 20 16 9 
10 15 2 11 9 6 5 12 17 13 19 3 1 4 7 18 8 20 14 16 
