040040250 Abdulkerim Sakalar 56 57 90 40
040050250 Ahmet Atak 69 69 94 47
040050278 Ahmet Gokce 51 47 89 60
040050245 Ahmet Gungormus 47 60 84 47
040040233 Alper Bozkurt 44 56 88 80
040040245 Alper Kilic 75 92 100 93
040040239 Ansin Ozturkmen 65 65 81 73
040060704 Arda Yildirim 66 61 91 53
040050269 Arkan Yildirim 54 26 91 53
040050201 Atakan Aral 61 92 88 80
040040267 Bahar Kucukay 54 71 93 47
040050262 Baris Aydinoglu 60 80 88 87
040050202 Baris Eskikaya 67 77 93 47
040040221 Bekir Dilim 50 65 91 53
040050204 Beytullah Topcu 65 33 85 67
040040260 Bora Izgordu 69 87 92 93
040050257 Bunyamin Atik 45 47 89 60
040030379 Busra Yuksel 65 59 91 53
040030098 Can Cetin 51 37 81 73
040030093 Cemhan Eren 46 33 71 40
040050281 Cihan Kisabacak 60 45 90 40
040060259 Cihan Oruc 44 48 88 87
040050219 Cihangir Besiktas 61 50 85 67
040040211 Cagri Duru 36 72 78 53
040040232 Deniz Demir 60 59 93 47
040040916 Deniz Ozdamar 26 67 88 87
040040249 Enes Dogan 48 55 71 40
040050251 Fatih Asici 34 88 92 93
040050227 Fatih Coskun 23 62 85 67
040030016 Fatma Gez 38 75 92 47
040040215 Furkan Gozukara 47 60 89 60
040050256 Gokhan Secinti 76 81 94 47
040040236 Gozde Isguder 50 82 92 47
040040240 Halil Ozer 40 47 100 93
040040235 Hulya Ertunc 59 83 93 47
040040251 Ibrahim Yuceant 55 44 100 93
040040927 Iliyaz Iliyaz 57 83 92 93
040040273 Ilker Akin 69 78 94 47
040050236 Isa Yazici 42 25 89 60
040050230 Ismail Kelebek 34 42 84 47
040040283 Ismail Savaskan 40 62 71 40
040040378 Ismet Zeytinci 49 80 92 93
090050039 Izzet Goksel 48 73 92 47
040040213 Kayhan Demirbas 30 0 90 40
040050241 Kemal Yaylali 46 54 92 47
040040258 Letafet Umutlu 44 37 88 40
040030079 Levent Ozyildirim 56 68 81 73
040050239 Mahmut Sivri 42 54 90 40
990082003 Marco Martino 0 0 88 60
040040218 Mehmet Ocal 43 56 85 67
040050232 Mehmet Yilmaz 51 64 90 40
040040219 Mehmet Gunes 69 84 100 93
040050274 Mehmet Uslu 44 57 79 40
040020378 Mehmet Oztekin 40 39 81 73
040050255 Melik Yucel 57 65 79 40
040050264 Mert Durukan 59 78 94 47
040040223 Merve Cingoz 65 57 78 53
040050224 Merve Kirman 73 79 93 47
040030020 Mesut Acar 58 67 88 40
040040244 Metin Bayram 33 64 78 53
040040266 Mihriban Minaz 61 66 88 40
040040801 Muhammet Dinc 35 32 79 40
040040243 Murat Sekin 40 62 88 60
040040209 Murat Kurt 49 60 78 53
040060206 Musa Hafalir 40 67 88 40
040950638 Mustafa Akkoca 0 0 0 0
040030050 Nese Erden 56 48 88 40
040050244 Osman Unay 54 65 89 60
040050266 Ozdemir Kavak 47 54 84 47
040030068 Ozge Inanc 56 53 88 80
040040241 Ozgur Tas 50 75 88 80
040010438 Ramazan Ozkan 0 0 88 87
990082001 Selcuk Erkus 33 15 88 60
040030072 Semih Kokacya 47 54 71 40
040040256 Suheda Toker 51 49 85 67
040040226 Talha Algan 31 64 88 87
040040254 Tugba Kirik 41 41 91 53
040040263 Turerkan Ince 53 57 88 60
040050242 Ugur Guler 38 56 84 47
990085101 Yaser Ozturk 38 28 88 60
040030031 Yasin Durgun 56 63 92 47
040040214 Yasin Oge 43 86 100 93
040040206 Yigit Turkeri 51 66 78 53
-1
